7
1
2
10 4 4 15 0 -1
10 9 4 5 0 3
haar_y3
2.672977e-03 0 -1
4.810230e-01 -6.589786e-01 
1
2
8 0 8 8 0 -1
8 4 8 4 0 2
haar_y2
6.363934e-02 0 -1
-3.768120e-01 6.307044e-01 
1
2
4 3 16 1 0 -1
12 3 8 1 0 2
haar_x2
4.313014e-03 0 -1
2.638948e-01 -8.710238e-01 
1
2
8 11 8 4 0 -1
8 13 8 2 0 2
haar_y2
1.136888e-03 0 -1
2.544342e-01 -8.982500e-01 
1
2
8 11 6 4 0 -1
8 13 6 2 0 2
haar_y2
-1.564343e-03 0 -1
-8.418744e-01 2.744610e-01 
1
2
8 1 10 9 0 -1
8 1 5 9 0 2
haar_x2
-2.132645e-02 0 -1
-8.537153e-01 -2.199488e-02 
1
2
6 1 10 9 0 -1
11 1 5 9 0 2
haar_x2
-6.463234e-03 0 -1
-7.724978e-01 2.966664e-01 
-1.146312e+00

6
-1
