13
1
2
11 3 2 15 0 -1
11 8 2 5 0 3
haar_y3
1.926639e-03 0 -1
4.450046e-01 -7.274213e-01 
1
2
1 0 22 24 0 -1
1 8 22 8 0 3
haar_y3
6.665924e-01 0 -1
-4.599826e-01 4.461304e-01 
1
2
0 8 3 7 0 -1
1 8 1 7 0 3
haar_x3
1.391994e-02 0 -1
-2.673440e-01 8.369640e-01 
1
2
18 6 6 9 0 -1
20 6 2 9 0 3
haar_x3
4.469047e-02 0 -1
-2.814744e-01 7.481576e-01 
1
2
6 12 12 3 0 -1
6 13 12 1 0 3
haar_y3
-7.935108e-04 0 -1
-8.849527e-01 2.512619e-01 
1
3
10 13 12 2 0 -1
16 13 6 1 0 2
10 14 6 1 0 2
haar_x2_y2
5.544188e-05 0 -1
-3.961995e-01 1.348425e-01 
1
2
0 6 6 9 0 -1
2 6 2 9 0 3
haar_x3
4.950761e-02 0 -1
-2.009779e-01 7.602654e-01 
1
2
18 9 6 9 0 -1
20 9 2 9 0 3
haar_x3
-2.933403e-02 0 -1
7.109284e-01 -2.395238e-01 
1
2
7 13 10 3 0 -1
7 14 10 1 0 3
haar_y3
-6.254997e-04 0 -1
-8.211855e-01 2.200445e-01 
1
2
8 13 15 2 0 -1
8 14 15 1 0 2
haar_y2
-4.978656e-04 0 -1
1.234676e-01 -4.903136e-01 
1
2
0 7 6 10 0 -1
2 7 2 10 0 3
haar_x3
-3.273712e-02 0 -1
6.185226e-01 -2.379893e-01 
1
2
17 7 6 7 0 -1
19 7 2 7 0 3
haar_x3
-4.513593e-02 0 -1
7.501805e-01 -1.382118e-01 
1
2
2 9 5 6 0 -1
2 11 5 2 0 3
haar_y3
1.619600e-03 0 -1
-6.974031e-01 2.895057e-01 
-1.506200e+00

6
-1
