6
1
2
1 7 6 10 0 -1
3 7 2 10 0 3
haar_x3
-4.464572e-02 0 -1
7.998607e-01 -3.847721e-01 
1
2
10 11 4 6 0 -1
10 13 4 2 0 3
haar_y3
1.715628e-03 0 -1
3.464841e-01 -8.451173e-01 
1
2
6 4 6 9 0 -1
8 4 2 9 0 3
haar_x3
2.051276e-02 0 -1
-4.154796e-01 6.923481e-01 
1
2
18 7 6 12 0 -1
20 7 2 12 0 3
haar_x3
6.466242e-02 0 -1
-2.970415e-01 7.465455e-01 
1
2
5 2 4 1 0 -1
7 2 2 1 0 2
haar_x2
2.558230e-04 0 -1
3.835599e-01 -6.962966e-01 
1
2
8 11 10 6 0 -1
8 13 10 2 0 3
haar_y3
-3.452662e-03 0 -1
-9.802232e-01 1.973396e-01 
-1.333540e+00

12
-1
