9
1
2
1 7 6 9 0 -1
3 7 2 9 0 3
haar_x3
-3.809982e-02 0 -1
8.788798e-01 -3.924772e-01 
1
2
18 4 6 12 0 -1
20 4 2 12 0 3
haar_x3
4.566610e-02 0 -1
-3.014031e-01 8.700638e-01 
1
2
0 12 18 6 0 -1
0 14 18 2 0 3
haar_y3
2.521386e-03 0 -1
-8.920425e-01 3.598901e-01 
1
2
0 18 24 1 0 -1
6 18 12 1 0 2
haar_x4
4.714607e-04 0 -1
-8.531191e-01 2.665442e-01 
1
2
0 4 24 6 0 -1
0 7 24 3 0 2
haar_y2
5.656107e-02 0 -1
-9.176237e-01 2.082354e-01 
1
2
12 4 4 12 0 -1
13 5 2 12 0 2
tilted_haar_y4
-2.716490e-03 0 -1
2.766418e-01 -5.938239e-01 
1
2
1 4 15 20 0 -1
1 14 15 10 0 2
haar_y2
-1.361478e-02 0 -1
3.608878e-01 -9.585414e-01 
1
2
15 5 6 11 0 -1
17 5 2 11 0 3
haar_x3
2.259819e-02 0 -1
-4.396470e-01 5.811390e-01 
1
2
1 8 13 6 0 -1
1 10 13 2 0 3
haar_y3
4.961871e-05 0 -1
-9.760481e-01 3.906398e-01 
-1.341283e+00

4
-1
