14
1
2
1 5 9 5 0 -1
4 5 3 5 0 3
haar_x3
-2.048144e-02 0 -1
5.550597e-01 -4.961209e-01 
1
2
9 2 6 7 0 -1
9 2 3 7 0 2
haar_x2
2.404597e-03 0 -1
2.768434e-01 -7.651951e-01 
1
2
10 1 3 9 0 -1
10 4 3 3 0 3
haar_y3
3.022294e-02 0 -1
-2.933121e-01 7.773883e-01 
1
2
16 9 8 9 0 -1
16 12 8 3 0 3
haar_y3
5.737673e-03 0 -1
-8.126070e-01 2.067096e-01 
1
2
0 9 8 9 0 -1
0 12 8 3 0 3
haar_y3
9.617778e-03 0 -1
-8.818680e-01 2.091578e-01 
1
2
15 5 9 9 0 -1
15 8 9 3 0 3
haar_y3
1.361805e-02 0 -1
-6.342022e-01 2.304240e-01 
1
2
0 8 6 6 0 -1
2 8 2 6 0 3
haar_x3
-3.443744e-02 0 -1
8.929716e-01 -3.015734e-01 
1
2
20 9 4 7 0 -1
20 9 2 7 0 2
haar_x2
2.400755e-02 0 -1
-1.304340e-01 6.955990e-01 
1
2
0 4 1 18 0 -1
0 10 1 6 0 3
haar_y3
4.606398e-03 0 -1
5.191752e-01 -4.242934e-01 
1
2
15 5 9 9 0 -1
15 8 9 3 0 3
haar_y3
5.711260e-02 0 -1
1.147818e-01 -6.489799e-01 
1
2
0 5 9 9 0 -1
0 8 9 3 0 3
haar_y3
1.243853e-02 0 -1
-7.184463e-01 3.285708e-01 
1
2
21 8 3 9 0 -1
22 8 1 9 0 3
haar_x3
1.184627e-02 0 -1
-2.853284e-01 6.541191e-01 
1
2
6 11 12 3 0 -1
6 12 12 1 0 3
haar_y3
-7.321619e-04 0 -1
-9.157084e-01 2.485938e-01 
1
2
17 10 6 4 0 -1
19 10 2 4 0 3
haar_x3
2.581009e-02 0 -1
-2.314160e-01 6.721948e-01 
-1.594414e+00

5
-1
