9
1
2
3 3 18 5 0 -1
9 3 6 5 0 3
haar_x3
9.030227e-02 0 -1
-4.249289e-01 7.181740e-01 
1
2
12 3 4 7 0 -1
12 3 2 7 0 2
haar_x2
3.632560e-04 0 -1
2.921389e-01 -3.614645e-01 
1
3
5 1 14 16 0 -1
5 1 7 8 0 2
12 9 7 8 0 2
haar_x2_y2
-3.167014e-02 0 -1
-7.424527e-01 3.349895e-01 
1
2
22 14 2 1 0 -1
22 14 1 1 0 2
haar_x2
1.615459e-03 0 -1
-2.662119e-01 7.983862e-01 
1
3
0 12 14 4 0 -1
0 12 7 2 0 2
7 14 7 2 0 2
haar_x2_y2
5.599512e-04 0 -1
-7.247227e-01 3.258718e-01 
1
2
4 11 19 9 0 -1
4 14 19 3 0 3
haar_y3
1.033671e-02 0 -1
-5.488545e-01 1.647553e-01 
1
3
0 9 24 4 0 -1
0 9 12 2 0 2
12 11 12 2 0 2
haar_x2_y2
3.840539e-03 0 -1
2.880701e-01 -7.769343e-01 
1
2
0 4 24 2 0 -1
0 4 12 2 0 2
haar_x2
-1.543911e-02 0 -1
-7.825698e-01 2.294517e-01 
1
2
7 9 6 3 0 -1
9 9 2 3 0 3
haar_x3
7.040618e-03 0 -1
-2.831305e-01 9.196265e-01 
-1.130046e+00

11
-1
