9
1
2
10 11 4 8 0 -1
10 15 4 4 0 2
haar_y2
-2.616783e-03 0 -1
-7.475426e-01 5.379729e-01 
1
2
2 4 21 5 0 -1
9 4 7 5 0 3
haar_x3
8.219130e-02 0 -1
-4.940239e-01 6.221215e-01 
1
2
0 4 24 6 0 -1
0 7 24 3 0 2
haar_y2
4.894148e-02 0 -1
-9.053783e-01 3.757174e-01 
1
2
1 12 23 8 0 -1
1 16 23 4 0 2
haar_y2
-7.872912e-02 0 -1
3.075533e-01 -9.144026e-01 
1
2
1 8 6 10 0 -1
3 8 2 10 0 3
haar_x3
-3.902953e-02 0 -1
8.744531e-01 -4.779445e-01 
1
2
20 9 4 6 0 -1
20 9 2 6 0 2
haar_x2
2.150247e-02 0 -1
-3.178168e-01 8.837062e-01 
1
2
0 8 23 6 0 -1
0 10 23 2 0 3
haar_y3
7.340148e-04 0 -1
-9.735684e-01 4.032007e-01 
1
2
15 7 6 9 0 -1
17 7 2 9 0 3
haar_x3
4.069303e-02 0 -1
-3.905134e-01 8.629428e-01 
1
2
0 10 23 9 0 -1
0 13 23 3 0 3
haar_y3
2.863079e-02 0 -1
-9.187291e-01 4.865029e-01 
-9.745834e-01

1
-1
