17
1
2
9 10 5 9 0 -1
9 13 5 3 0 3
haar_y3
1.069217e-03 0 -1
4.344057e-01 -5.914156e-01 
1
2
12 5 6 9 0 -1
14 5 2 9 0 3
haar_x3
2.014688e-02 0 -1
-3.995782e-01 5.693834e-01 
1
2
0 12 17 6 0 -1
0 14 17 2 0 3
haar_y3
3.954751e-03 0 -1
-7.586432e-01 2.855255e-01 
1
2
5 13 15 9 0 -1
5 16 15 3 0 3
haar_y3
-6.088409e-03 0 -1
-4.999716e-01 3.076493e-01 
1
2
4 2 6 1 0 -1
7 2 3 1 0 2
haar_x2
7.666502e-04 0 -1
2.167512e-01 -7.103736e-01 
1
3
6 0 18 24 0 -1
15 0 9 12 0 2
6 12 9 12 0 2
haar_x2_y2
9.086034e-02 0 -1
1.621122e-01 -8.883117e-01 
1
3
0 2 22 20 0 -1
0 2 11 10 0 2
11 12 11 10 0 2
haar_x2_y2
7.217523e-02 0 -1
1.503310e-01 -8.669064e-01 
1
3
10 12 14 4 0 -1
17 12 7 2 0 2
10 14 7 2 0 2
haar_x2_y2
1.300722e-03 0 -1
-4.780830e-01 1.191705e-01 
1
3
0 12 14 4 0 -1
0 12 7 2 0 2
7 14 7 2 0 2
haar_x2_y2
6.234137e-04 0 -1
-6.339255e-01 2.544558e-01 
1
2
19 7 3 6 0 -1
20 7 1 6 0 3
haar_x3
1.018862e-02 0 -1
-2.502396e-01 5.568258e-01 
1
3
4 1 10 22 0 -1
4 1 5 11 0 2
9 12 5 11 0 2
haar_x2_y2
2.548782e-02 0 -1
2.619560e-01 -7.298512e-01 
1
2
17 3 6 11 0 -1
19 3 2 11 0 3
haar_x3
-4.925659e-02 0 -1
5.286102e-01 -2.609721e-01 
1
2
1 3 6 11 0 -1
3 3 2 11 0 3
haar_x3
4.040864e-02 0 -1
-1.784438e-01 7.711173e-01 
1
2
17 12 6 4 0 -1
19 12 2 4 0 3
haar_x3
2.943533e-02 0 -1
-5.924233e-02 6.699445e-01 
1
2
1 12 6 4 0 -1
3 12 2 4 0 3
haar_x3
-1.174567e-02 0 -1
5.415523e-01 -3.266861e-01 
1
2
10 2 14 10 0 -1
10 7 14 5 0 2
haar_y2
5.076939e-02 0 -1
-4.892374e-01 2.027106e-01 
1
2
0 2 3 2 0 -1
0 3 3 1 0 2
haar_y2
4.940336e-04 0 -1
1.882170e-01 -7.759150e-01 
-1.540836e+00

7
-1
