14
1
2
0 2 4 12 0 -1
1 2 2 12 0 2
haar_x4
1.941163e-02 0 -1
-3.452497e-01 8.811405e-01 
1
2
12 4 4 12 0 -1
13 5 2 12 0 2
tilted_haar_y4
-1.379128e-03 0 -1
3.093358e-01 -2.638872e-01 
1
2
11 0 8 3 0 -1
10 1 8 1 0 3
tilted_haar_y3
9.450763e-03 0 -1
-3.920560e-01 6.654258e-01 
1
2
14 18 10 1 0 -1
14 18 5 1 0 2
haar_x2
3.080958e-05 0 -1
-6.241813e-01 1.998028e-01 
1
2
0 18 10 1 0 -1
5 18 5 1 0 2
haar_x2
1.643917e-05 0 -1
-7.761427e-01 3.361475e-01 
1
2
7 10 10 6 0 -1
7 13 10 3 0 2
haar_y2
-1.374597e-05 0 -1
3.327273e-01 -7.649838e-01 
1
2
7 1 10 6 0 -1
5 3 10 2 0 3
tilted_haar_y3
-1.709646e-05 0 -1
3.023822e-01 -8.622888e-01 
1
2
21 0 3 24 0 -1
22 8 1 8 0 9
haar_point
2.359539e-01 0 -1
-2.403142e-01 8.180848e-01 
1
2
9 0 8 8 0 -1
9 0 8 4 0 2
tilted_haar_y2
-7.078380e-04 0 -1
2.370228e-01 -9.614557e-01 
1
2
21 0 3 24 0 -1
22 8 1 8 0 9
haar_point
-8.397361e-04 0 -1
3.863499e-01 -3.986498e-01 
1
2
12 4 12 4 0 -1
11 5 12 2 0 2
tilted_haar_y4
-9.277809e-04 0 -1
4.504044e-01 -5.470024e-01 
1
2
21 0 3 24 0 -1
22 8 1 8 0 9
haar_point
3.419947e-01 0 -1
-5.111332e-02 9.999723e-01 
1
2
2 3 14 12 0 -1
2 7 14 4 0 3
haar_y3
6.343352e-05 0 -1
-9.348769e-01 2.410888e-01 
1
2
1 10 23 6 0 -1
1 12 23 2 0 3
haar_y3
6.554315e-05 0 -1
-9.841085e-01 8.581797e-02 
-1.391726e+00

8
-1
