13
1
3
1 5 16 8 0 -1
1 5 8 4 0 2
9 9 8 4 0 2
haar_x2_y2
-1.995263e-03 0 -1
7.229170e-01 -9.591910e-01 
1
2
1 10 22 9 0 -1
1 13 22 3 0 3
haar_y3
2.859617e-02 0 -1
-9.388152e-01 3.712017e-01 
1
2
1 6 6 9 0 -1
3 6 2 9 0 3
haar_x3
-2.623147e-02 0 -1
8.139423e-01 -6.622031e-01 
1
2
1 2 23 10 0 -1
1 7 23 5 0 2
haar_y2
9.573397e-02 0 -1
-9.649132e-01 4.169943e-01 
1
2
0 5 6 10 0 -1
2 5 2 10 0 3
haar_x3
2.894147e-02 0 -1
-6.738209e-01 8.142436e-01 
1
2
1 8 22 6 0 -1
1 10 22 2 0 3
haar_y3
1.452233e-04 0 -1
-9.991232e-01 2.871141e-01 
1
2
0 11 6 5 0 -1
2 11 2 5 0 3
haar_x3
-8.475604e-03 0 -1
6.096883e-01 -9.032619e-01 
1
3
9 13 14 4 0 -1
16 13 7 2 0 2
9 15 7 2 0 2
haar_x2_y2
1.036462e-03 0 -1
-9.162575e-01 6.844284e-01 
1
2
2 10 13 6 0 -1
2 12 13 2 0 3
haar_y3
7.765555e-04 0 -1
-9.858693e-01 3.893340e-01 
1
2
7 4 17 9 0 -1
7 7 17 3 0 3
haar_y3
2.535312e-03 0 -1
-9.839622e-01 8.809226e-02 
1
2
0 0 5 9 0 -1
0 3 5 3 0 3
haar_y3
-2.107551e-04 0 -1
2.705376e-01 -9.892221e-01 
1
3
11 7 10 12 0 -1
16 7 5 6 0 2
11 13 5 6 0 2
haar_x2_y2
1.174655e-04 0 -1
-8.473462e-01 1.553669e-01 
1
2
0 6 12 18 0 -1
0 15 12 9 0 2
haar_y2
-2.141693e-02 0 -1
4.132232e-01 -9.994956e-01 
-9.425333e-01

4
-1
