17
1
2
10 0 4 6 0 -1
10 3 4 3 0 2
haar_y2
1.156314e-02 0 -1
-4.068342e-01 7.783899e-01 
1
2
8 4 9 15 0 -1
11 4 3 15 0 3
haar_x3
-2.310662e-05 0 -1
3.920749e-01 -4.227804e-01 
1
2
0 19 16 1 0 -1
8 19 8 1 0 2
haar_x2
1.752782e-04 0 -1
-6.061663e-01 3.764216e-01 
1
2
14 4 9 17 0 -1
17 4 3 17 0 3
haar_x3
-6.442687e-02 0 -1
4.979757e-01 -3.730684e-01 
1
2
10 4 3 6 0 -1
10 6 3 2 0 3
haar_y3
1.493142e-02 0 -1
-2.140161e-01 9.999924e-01 
1
2
19 6 5 14 0 -1
19 13 5 7 0 2
haar_y2
-9.550415e-04 0 -1
2.151675e-01 -7.366713e-01 
1
2
0 6 5 14 0 -1
0 13 5 7 0 2
haar_y2
-3.305118e-02 0 -1
5.112008e-01 -4.379457e-01 
1
2
14 8 10 4 0 -1
14 10 10 2 0 2
haar_y2
1.830406e-03 0 -1
-4.385016e-01 2.718587e-01 
1
2
1 1 2 1 0 -1
2 1 1 1 0 2
haar_x2
6.389798e-05 0 -1
-2.961362e-01 7.705365e-01 
1
2
9 2 15 10 0 -1
9 7 15 5 0 2
haar_y2
4.896741e-02 0 -1
-4.792072e-01 1.547494e-01 
1
3
1 3 16 8 0 -1
1 3 8 4 0 2
9 7 8 4 0 2
haar_x2_y2
-3.165475e-02 0 -1
5.520395e-01 -3.775041e-01 
1
2
19 2 1 6 0 -1
19 4 1 2 0 3
haar_y3
1.455250e-03 0 -1
5.622201e-02 -6.910223e-01 
1
2
4 2 1 6 0 -1
4 4 1 2 0 3
haar_y3
-2.744405e-03 0 -1
-7.095490e-01 3.618897e-01 
1
2
6 2 12 8 0 -1
10 2 4 8 0 3
haar_x3
3.156139e-02 0 -1
-3.983548e-01 6.030802e-01 
1
2
7 1 10 21 0 -1
7 8 10 7 0 3
haar_y3
7.642577e-03 0 -1
7.361326e-01 -2.475111e-01 
1
2
14 8 7 6 0 -1
14 10 7 2 0 3
haar_y3
2.264312e-03 0 -1
-2.448821e-01 2.281953e-01 
1
2
7 9 6 6 0 -1
7 11 6 2 0 3
haar_y3
-1.824166e-03 0 -1
-9.629686e-01 1.952150e-01 
-1.417877e+00

9
-1
