13
1
2
0 4 22 9 0 -1
0 7 22 3 0 3
haar_y3
8.262910e-04 0 -1
-9.226081e-01 5.054097e-01 
1
2
11 4 2 6 0 -1
11 7 2 3 0 2
haar_y2
-2.070814e-05 0 -1
6.771273e-01 -7.796485e-01 
1
2
1 0 22 20 0 -1
1 10 22 10 0 2
haar_y2
1.864963e-02 0 -1
-9.550005e-01 3.794163e-01 
1
3
8 7 16 6 0 -1
16 7 8 3 0 2
8 10 8 3 0 2
haar_x2_y2
-5.719235e-05 0 -1
2.639666e-01 -8.469321e-01 
1
2
2 7 20 6 0 -1
2 9 20 2 0 3
haar_y3
1.283975e-04 0 -1
-9.607929e-01 2.481487e-01 
1
2
17 6 6 9 0 -1
19 6 2 9 0 3
haar_x3
3.781869e-02 0 -1
-4.804182e-01 9.180573e-01 
1
2
1 10 22 9 0 -1
1 13 22 3 0 3
haar_y3
2.487241e-02 0 -1
-9.725482e-01 4.443150e-01 
1
2
2 13 21 2 0 -1
2 14 21 1 0 2
haar_y2
-1.367280e-05 0 -1
1.912428e-01 -9.784029e-01 
1
2
1 7 6 7 0 -1
3 7 2 7 0 3
haar_x3
-2.096592e-02 0 -1
8.401297e-01 -7.061825e-01 
1
3
9 13 14 4 0 -1
16 13 7 2 0 2
9 15 7 2 0 2
haar_x2_y2
4.901149e-04 0 -1
-8.963106e-01 5.178812e-01 
1
2
0 11 4 3 0 -1
2 11 2 3 0 2
haar_x2
8.139346e-03 0 -1
-7.697576e-01 8.105025e-01 
1
2
5 10 19 6 0 -1
5 12 19 2 0 3
haar_y3
3.938187e-04 0 -1
-9.787929e-01 4.541809e-01 
1
2
0 9 6 7 0 -1
2 9 2 7 0 3
haar_x3
-1.944675e-02 0 -1
8.568515e-01 -9.327341e-01 
-1.754827e+00

3
-1
