18
1
2
6 3 6 9 0 -1
8 3 2 9 0 3
haar_x3
1.619295e-02 0 -1
-4.126026e-01 7.758783e-01 
1
3
7 4 16 6 0 -1
15 4 8 3 0 2
7 7 8 3 0 2
haar_x2_y2
-1.800123e-02 0 -1
4.659951e-01 -5.622599e-01 
1
2
1 7 5 6 0 -1
1 9 5 2 0 3
haar_y3
1.326278e-03 0 -1
-7.591277e-01 3.046800e-01 
1
2
5 3 18 9 0 -1
5 6 18 3 0 3
haar_y3
-3.132023e-02 0 -1
-6.960466e-01 1.774385e-01 
1
2
0 14 24 6 0 -1
0 17 24 3 0 2
haar_y2
-5.622644e-02 0 -1
2.143890e-01 -8.423851e-01 
1
3
5 4 18 6 0 -1
14 4 9 3 0 2
5 7 9 3 0 2
haar_x2_y2
-7.556249e-03 0 -1
1.139556e-01 -3.558329e-01 
1
3
0 9 20 2 0 -1
0 9 10 1 0 2
10 10 10 1 0 2
haar_x2_y2
-3.472637e-03 0 -1
-7.054416e-01 2.918717e-01 
1
3
5 13 18 4 0 -1
14 13 9 2 0 2
5 15 9 2 0 2
haar_x2_y2
3.649076e-02 0 -1
2.728224e-02 -8.013886e-01 
1
3
0 9 24 4 0 -1
0 9 12 2 0 2
12 11 12 2 0 2
haar_x2_y2
4.045481e-03 0 -1
2.211831e-01 -6.980081e-01 
1
3
5 11 18 6 0 -1
14 11 9 3 0 2
5 14 9 3 0 2
haar_x2_y2
4.051011e-02 0 -1
8.596140e-02 -6.528610e-01 
1
2
2 4 18 1 0 -1
8 4 6 1 0 3
haar_x3
2.514696e-03 0 -1
2.975630e-01 -6.144793e-01 
1
2
8 18 16 2 0 -1
8 18 8 2 0 2
haar_x2
-3.572085e-03 0 -1
-5.638461e-01 1.915411e-01 
1
2
0 18 10 1 0 -1
5 18 5 1 0 2
haar_x2
4.449398e-04 0 -1
-5.481806e-01 2.920727e-01 
1
2
3 9 21 13 0 -1
10 9 7 13 0 3
haar_x3
3.539565e-01 0 -1
1.713086e-02 -9.999723e-01 
1
2
5 2 1 2 0 -1
5 3 1 1 0 2
haar_y2
4.989095e-04 0 -1
1.627412e-01 -9.392129e-01 
1
2
3 0 21 14 0 -1
10 0 7 14 0 3
haar_x3
2.338783e-01 0 -1
1.248598e-01 -8.682846e-01 
1
2
0 4 24 14 0 -1
8 4 8 14 0 3
haar_x3
2.279234e-01 0 -1
-3.549986e-01 4.434970e-01 
1
2
10 2 9 19 0 -1
13 2 3 19 0 3
haar_x3
4.528389e-03 0 -1
3.187658e-01 -3.863734e-01 
-1.654847e+00

8
-1
