11
1
3
6 4 8 6 0 -1
6 4 4 3 0 2
10 7 4 3 0 2
haar_x2_y2
-1.054762e-02 0 -1
1.000000e+00 -4.303724e-01 
1
2
18 18 6 4 0 -1
18 18 3 4 0 2
haar_x2
5.541674e-04 0 -1
-3.844875e-01 4.626717e-01 
1
3
5 5 12 8 0 -1
5 5 6 4 0 2
11 9 6 4 0 2
haar_x2_y2
3.368186e-03 0 -1
4.230927e-01 -9.009914e-01 
1
2
21 1 3 4 0 -1
21 3 3 2 0 2
haar_y2
6.254527e-04 0 -1
3.901245e-01 -5.965198e-01 
1
2
0 22 24 2 0 -1
8 22 8 2 0 3
haar_x3
2.003475e-02 0 -1
4.993179e-01 -8.753437e-01 
1
2
22 2 1 2 0 -1
22 3 1 1 0 2
haar_y2
6.623510e-05 0 -1
1.343056e-01 -3.934172e-01 
1
2
1 2 1 2 0 -1
1 3 1 1 0 2
haar_y2
5.820139e-05 0 -1
7.843999e-01 -5.471618e-01 
1
2
20 19 4 3 0 -1
20 19 2 3 0 2
haar_x2
1.427050e-04 0 -1
-3.057891e-01 4.736021e-01 
1
2
0 20 9 1 0 -1
3 20 3 1 0 3
haar_x3
6.964574e-05 0 -1
-3.876660e-01 9.999947e-01 
1
2
17 10 3 11 0 -1
18 10 1 11 0 3
haar_x3
-8.789989e-03 0 -1
1.000000e+00 -5.141035e-02 
1
2
4 10 3 11 0 -1
5 10 1 11 0 3
haar_x3
1.812498e-03 0 -1
-3.618581e-01 9.999818e-01 
-1.498829e+00

12
-1
