16
1
2
7 6 2 2 0 -1
7 6 2 1 0 2
tilted_haar_y2
3.438118e-05 0 -1
-4.910728e-01 6.879320e-01 
1
2
12 4 4 12 0 -1
13 5 2 12 0 2
tilted_haar_y4
-5.256895e-03 0 -1
2.616124e-01 -3.257059e-01 
1
2
1 11 16 9 0 -1
1 14 16 3 0 3
haar_y3
6.466752e-03 0 -1
-7.028493e-01 3.856783e-01 
1
2
13 8 3 4 0 -1
13 8 3 2 0 2
tilted_haar_x2
2.129855e-05 0 -1
-4.021988e-01 2.607387e-01 
1
2
11 7 4 2 0 -1
11 7 2 2 0 2
tilted_haar_x2
1.346214e-05 0 -1
-6.533050e-01 5.968237e-01 
1
2
0 4 24 12 0 -1
0 8 24 4 0 3
haar_y3
7.753754e-02 0 -1
-9.533625e-01 3.123776e-01 
1
3
2 5 16 6 0 -1
2 5 8 3 0 2
10 8 8 3 0 2
haar_x2_y2
-1.252138e-03 0 -1
1.641235e-01 -9.498206e-01 
1
2
14 0 6 14 0 -1
14 0 6 7 0 2
tilted_haar_x2
-8.724999e-03 0 -1
7.640095e-02 -8.090171e-01 
1
2
3 18 2 3 0 -1
3 18 1 3 0 2
tilted_haar_x2
-1.359971e-05 0 -1
5.391228e-01 -6.377348e-01 
1
2
16 5 1 16 0 -1
16 5 1 8 0 2
tilted_haar_x2
6.598224e-05 0 -1
-7.047467e-01 2.517954e-01 
1
3
1 10 12 2 0 -1
1 10 6 1 0 2
7 11 6 1 0 2
haar_x2_y2
-1.472765e-05 0 -1
5.309665e-01 -5.933923e-01 
1
2
19 9 4 1 0 -1
20 10 2 1 0 2
tilted_haar_y4
-1.855119e-03 0 -1
8.494200e-01 -3.178678e-01 
1
2
3 7 4 6 0 -1
3 9 4 2 0 3
haar_y3
2.613886e-05 0 -1
-7.496973e-01 3.622408e-01 
1
2
12 0 1 12 0 -1
8 4 1 4 0 3
tilted_haar_x3
-2.046719e-04 0 -1
2.462638e-02 -3.541302e-01 
1
2
3 9 3 2 0 -1
4 10 1 2 0 3
tilted_haar_x3
-2.405158e-03 0 -1
9.391531e-01 -3.106470e-01 
1
2
0 13 24 10 0 -1
0 18 24 5 0 2
haar_y2
-8.349976e-02 0 -1
3.562837e-01 -8.748773e-01 
-1.724114e+00

9
-1
