15
1
2
7 4 9 15 0 -1
10 9 3 5 0 9
haar_point
-2.194910e-05 0 -1
6.101153e-01 -5.877412e-01 
1
2
15 6 8 6 0 -1
15 8 8 2 0 3
haar_y3
1.597738e-03 0 -1
-7.241856e-01 2.730662e-01 
1
2
0 11 23 9 0 -1
0 14 23 3 0 3
haar_y3
2.795707e-02 0 -1
-6.972048e-01 3.460898e-01 
1
2
15 6 8 6 0 -1
15 8 8 2 0 3
haar_y3
4.810240e-03 0 -1
-4.811477e-01 4.803384e-02 
1
2
0 3 15 12 0 -1
0 7 15 4 0 3
haar_y3
1.236866e-02 0 -1
-9.275609e-01 3.353021e-01 
1
2
1 9 22 4 0 -1
1 10 22 2 0 2
haar_y4
1.704451e-05 0 -1
-9.592160e-01 1.014006e-01 
1
2
1 10 22 4 0 -1
1 11 22 2 0 2
haar_y4
5.726651e-05 0 -1
-9.268181e-01 1.263501e-01 
1
2
15 0 9 9 0 -1
15 3 9 3 0 3
haar_y3
-5.167221e-03 0 -1
1.195857e-01 -8.490713e-01 
1
3
1 13 16 4 0 -1
1 13 8 2 0 2
9 15 8 2 0 2
haar_x2_y2
1.481112e-04 0 -1
-8.297338e-01 2.306393e-01 
1
2
14 7 9 6 0 -1
14 9 9 2 0 3
haar_y3
3.446425e-04 0 -1
-7.661823e-01 7.675224e-02 
1
2
1 7 9 6 0 -1
1 9 9 2 0 3
haar_y3
3.659888e-04 0 -1
-9.494317e-01 2.007108e-01 
1
2
18 6 4 10 0 -1
19 6 2 10 0 2
haar_x4
-1.195651e-02 0 -1
7.313522e-01 -5.135866e-01 
1
2
0 10 20 9 0 -1
0 13 20 3 0 3
haar_y3
1.858672e-02 0 -1
-9.209515e-01 3.437127e-01 
1
2
21 2 3 21 0 -1
22 9 1 7 0 9
haar_point
-1.150205e-04 0 -1
4.818389e-01 -4.892389e-01 
1
2
0 0 8 9 0 -1
0 3 8 3 0 3
haar_y3
-1.530293e-03 0 -1
3.191575e-01 -9.552947e-01 
-1.439134e+00

5
-1
