21
1
2
9 10 5 9 0 -1
9 13 5 3 0 3
haar_y3
-1.369297e-05 0 -1
7.333950e-01 -5.479380e-01 
1
2
15 6 8 6 0 -1
15 8 8 2 0 3
haar_y3
1.577507e-03 0 -1
-7.615613e-01 4.378475e-01 
1
2
1 9 22 2 0 -1
1 10 22 1 0 2
haar_y2
8.306580e-05 0 -1
-9.228585e-01 2.548005e-01 
1
2
9 2 15 12 0 -1
9 6 15 4 0 3
haar_y3
1.634932e-03 0 -1
-7.918782e-01 2.488132e-02 
1
3
2 9 12 10 0 -1
2 9 6 5 0 2
8 14 6 5 0 2
haar_x2_y2
1.746971e-04 0 -1
-9.226272e-01 2.526167e-01 
1
2
5 11 19 6 0 -1
5 13 19 2 0 3
haar_y3
2.196928e-04 0 -1
-9.534608e-01 9.119636e-02 
1
2
1 10 22 3 0 -1
1 11 22 1 0 3
haar_y3
1.369446e-05 0 -1
-9.065986e-01 1.847087e-01 
1
2
10 4 13 20 0 -1
10 14 13 10 0 2
haar_y2
-2.113178e-03 0 -1
-2.427506e-02 -9.766464e-01 
1
2
1 6 8 6 0 -1
1 8 8 2 0 3
haar_y3
1.419849e-03 0 -1
-8.570516e-01 3.059756e-01 
1
2
7 11 17 6 0 -1
7 13 17 2 0 3
haar_y3
1.944578e-04 0 -1
-9.178360e-01 4.305664e-02 
1
2
1 11 8 6 0 -1
1 13 8 2 0 3
haar_y3
1.520063e-04 0 -1
-9.747658e-01 1.791332e-01 
1
2
14 8 10 6 0 -1
14 10 10 2 0 3
haar_y3
3.208402e-04 0 -1
-9.635307e-01 9.280206e-02 
1
2
0 8 10 6 0 -1
0 10 10 2 0 3
haar_y3
8.046562e-04 0 -1
-9.895511e-01 1.135733e-01 
1
2
9 6 15 18 0 -1
9 15 15 9 0 2
haar_y2
-7.896238e-04 0 -1
-2.068992e-02 -9.729164e-01 
1
2
0 6 15 18 0 -1
0 15 15 9 0 2
haar_y2
-5.080710e-02 0 -1
1.011995e-01 -9.948592e-01 
1
2
5 4 19 12 0 -1
5 10 19 6 0 2
haar_y2
8.001276e-05 0 -1
-9.817987e-01 5.789829e-02 
1
2
11 3 2 8 0 -1
11 7 2 4 0 2
haar_y2
-1.616390e-05 0 -1
5.797216e-01 -8.432694e-01 
1
2
1 10 23 6 0 -1
1 12 23 2 0 3
haar_y3
9.517709e-05 0 -1
-9.804850e-01 3.024408e-01 
1
2
2 11 20 3 0 -1
2 12 20 1 0 3
haar_y3
1.474191e-05 0 -1
-9.235334e-01 1.817770e-01 
1
2
11 4 12 6 0 -1
15 4 4 6 0 3
haar_x3
-4.766358e-05 0 -1
4.412662e-01 -9.245326e-01 
1
2
1 4 12 6 0 -1
5 4 4 6 0 3
haar_x3
-2.768752e-03 0 -1
3.913105e-01 -7.663143e-01 
-1.984825e+00

6
-1
