7
1
2
0 5 22 9 0 -1
0 8 22 3 0 3
haar_y3
2.123968e-03 0 -1
-9.961577e-01 8.237004e-01 
1
3
8 5 16 10 0 -1
16 5 8 5 0 2
8 10 8 5 0 2
haar_x2_y2
-7.861857e-05 0 -1
5.505090e-01 -9.724395e-01 
1
2
0 12 19 6 0 -1
0 14 19 2 0 3
haar_y3
1.496177e-03 0 -1
-9.828424e-01 3.137763e-01 
1
2
11 9 13 6 0 -1
11 11 13 2 0 3
haar_y3
2.797097e-04 0 -1
-9.767540e-01 1.115640e-01 
1
2
0 9 13 6 0 -1
0 11 13 2 0 3
haar_y3
1.092408e-03 0 -1
-9.902452e-01 2.784844e-01 
1
3
6 6 16 6 0 -1
14 6 8 3 0 2
6 9 8 3 0 2
haar_x2_y2
-4.628237e-05 0 -1
7.325053e-02 -9.493516e-01 
1
3
4 6 14 6 0 -1
4 6 7 3 0 2
11 9 7 3 0 2
haar_x2_y2
-4.364014e-05 0 -1
5.100561e-01 -9.447731e-01 
-1.180829e+00

4
-1
