8
1
2
7 2 8 8 0 -1
9 2 4 8 0 2
haar_x4
3.908388e-03 0 -1
5.767699e-01 -7.155761e-01 
1
2
16 2 2 14 0 -1
16 2 1 14 0 2
haar_x2
3.902018e-03 0 -1
-4.018354e-01 5.683144e-01 
1
2
6 2 2 14 0 -1
7 2 1 14 0 2
haar_x2
-9.417592e-04 0 -1
-6.484293e-01 4.369252e-01 
1
2
10 16 14 3 0 -1
10 17 14 1 0 3
haar_y3
-3.318637e-03 0 -1
4.545682e-01 -1.548311e-01 
1
3
0 14 20 4 0 -1
0 14 10 2 0 2
10 16 10 2 0 2
haar_x2_y2
4.574882e-03 0 -1
-5.610803e-01 5.916011e-01 
1
3
2 2 20 20 0 -1
12 2 10 10 0 2
2 12 10 10 0 2
haar_x2_y2
-2.221881e-02 0 -1
-6.767541e-01 4.090205e-01 
1
2
8 15 8 1 0 -1
10 15 4 1 0 2
haar_x4
2.096320e-03 0 -1
-3.289750e-01 9.528177e-01 
1
2
10 14 4 4 0 -1
10 15 4 2 0 2
haar_y4
1.611080e-04 0 -1
7.509235e-01 -3.784056e-01 
-1.613944e+00

10
-1
