14
1
2
6 5 10 4 0 -1
5 6 10 2 0 2
tilted_haar_y4
-8.387663e-05 0 -1
6.195822e-01 -6.590747e-01 
1
2
7 2 14 9 0 -1
7 5 14 3 0 3
haar_y3
1.243497e-02 0 -1
-4.174408e-01 7.455151e-01 
1
2
1 9 6 4 0 -1
1 10 6 2 0 2
haar_y4
1.117760e-04 0 -1
-7.883945e-01 3.672069e-01 
1
2
14 8 3 16 0 -1
15 8 1 16 0 3
haar_x3
-1.351789e-05 0 -1
4.020672e-01 -3.665056e-01 
1
2
7 8 3 16 0 -1
8 8 1 16 0 3
haar_x3
1.105198e-04 0 -1
-5.291291e-01 7.095200e-01 
1
2
10 14 12 5 0 -1
14 14 4 5 0 3
haar_x3
-3.085329e-05 0 -1
4.077006e-01 -6.800928e-01 
1
2
0 2 13 12 0 -1
0 5 13 6 0 2
haar_y4
2.800510e-03 0 -1
-6.929613e-01 6.031192e-01 
1
2
23 15 1 9 0 -1
23 18 1 3 0 3
haar_y3
-2.844983e-04 0 -1
5.285248e-01 -7.106634e-01 
1
2
8 7 3 4 0 -1
7 8 3 2 0 2
tilted_haar_y4
-2.417969e-05 0 -1
8.119470e-01 -5.570922e-01 
1
2
18 6 6 2 0 -1
18 6 6 1 0 2
tilted_haar_x2
-2.777601e-03 0 -1
4.620810e-01 -3.563147e-01 
1
2
10 4 4 4 0 -1
10 4 2 4 0 2
tilted_haar_x2
1.396768e-05 0 -1
-4.655133e-01 7.922654e-01 
1
2
15 0 1 14 0 -1
15 0 1 7 0 2
tilted_haar_x2
-5.996662e-05 0 -1
2.698625e-01 -8.937368e-01 
1
2
5 13 14 2 0 -1
5 14 14 1 0 2
haar_y2
-1.589518e-05 0 -1
3.659113e-01 -8.879227e-01 
1
2
22 7 2 4 0 -1
21 8 2 2 0 2
tilted_haar_x4
7.637556e-03 0 -1
-4.721712e-01 7.783261e-01 
-1.550314e+00

10
-1
