39
1
2
0 0 8 24 0 -1
0 8 8 8 0 3
haar_y3
6.954491e-03 0 -1
-1.000000e+00 1.000034e+00 
1
2
10 6 14 18 0 -1
10 15 14 9 0 2
haar_y2
-1.757946e-04 0 -1
1.000000e+00 -9.999990e-01 
1
2
0 0 2 1 0 -1
1 0 1 1 0 2
haar_x2
0.000000e+00 0 -1
0.000000e+00 -1.000000e+00 
1
2
10 6 14 18 0 -1
10 15 14 9 0 2
haar_y2
-1.757946e-04 0 -1
1.000000e+00 -1.000007e+00 
1
2
0 0 2 1 0 -1
1 0 1 1 0 2
haar_x2
0.000000e+00 0 -1
0.000000e+00 -1.000000e+00 
1
2
10 6 14 18 0 -1
10 15 14 9 0 2
haar_y2
-1.757946e-04 0 -1
1.000000e+00 -1.000010e+00 
1
2
0 0 2 1 0 -1
1 0 1 1 0 2
haar_x2
0.000000e+00 0 -1
0.000000e+00 -1.000000e+00 
1
2
16 0 8 14 0 -1
16 7 8 7 0 2
haar_y2
1.186599e-04 0 -1
-9.995945e-01 1.000000e+00 
1
2
0 0 2 1 0 -1
1 0 1 1 0 2
haar_x2
0.000000e+00 0 -1
0.000000e+00 -1.000000e+00 
1
2
16 0 8 14 0 -1
16 7 8 7 0 2
haar_y2
1.186599e-04 0 -1
-9.970088e-01 1.000000e+00 
1
2
0 0 2 1 0 -1
1 0 1 1 0 2
haar_x2
0.000000e+00 0 -1
0.000000e+00 -1.000000e+00 
1
2
16 0 8 14 0 -1
16 7 8 7 0 2
haar_y2
1.186599e-04 0 -1
-9.781722e-01 1.000000e+00 
1
2
0 0 2 1 0 -1
1 0 1 1 0 2
haar_x2
2.511351e-05 0 -1
-1.000000e+00 1.000000e+00 
1
2
22 0 2 1 0 -1
22 0 1 1 0 2
haar_x2
0.000000e+00 0 -1
0.000000e+00 -1.000000e+00 
1
2
0 0 1 2 0 -1
0 1 1 1 0 2
haar_y2
-2.261311e-05 0 -1
1.000000e+00 -1.000000e+00 
1
2
20 0 4 14 0 -1
20 7 4 7 0 2
haar_y2
1.757946e-04 0 -1
-9.949993e-01 1.000000e+00 
1
2
0 0 2 1 0 -1
1 0 1 1 0 2
haar_x2
6.783933e-05 0 -1
-1.000000e+00 1.000000e+00 
1
2
22 0 2 1 0 -1
22 0 1 1 0 2
haar_x2
0.000000e+00 0 -1
0.000000e+00 -1.000000e+00 
1
2
0 0 4 12 0 -1
0 6 4 6 0 2
haar_y2
7.038827e-04 0 -1
-1.000000e+00 1.000050e+00 
1
2
22 0 2 1 0 -1
22 0 1 1 0 2
haar_x2
0.000000e+00 0 -1
0.000000e+00 -1.000000e+00 
1
2
0 0 12 9 0 -1
4 3 4 3 0 9
haar_point
-2.708203e-03 0 -1
1.000000e+00 -9.999985e-01 
1
2
18 0 6 24 0 -1
18 8 6 8 0 3
haar_y3
1.245173e-02 0 -1
-9.973559e-01 1.000000e+00 
1
2
0 0 2 1 0 -1
1 0 1 1 0 2
haar_x2
2.511351e-05 0 -1
-1.000000e+00 1.000000e+00 
1
2
22 0 2 1 0 -1
22 0 1 1 0 2
haar_x2
0.000000e+00 0 -1
0.000000e+00 -1.000000e+00 
1
2
0 0 12 9 0 -1
4 3 4 3 0 9
haar_point
-2.708203e-03 0 -1
1.000000e+00 -9.999994e-01 
1
2
18 0 6 24 0 -1
18 8 6 8 0 3
haar_y3
1.245173e-02 0 -1
-1.000000e+00 1.000000e+00 
1
2
0 0 2 1 0 -1
1 0 1 1 0 2
haar_x2
0.000000e+00 0 -1
0.000000e+00 -1.000000e+00 
1
3
8 6 16 6 0 -1
16 6 8 3 0 2
8 9 8 3 0 2
haar_x2_y2
-2.767222e-04 0 -1
1.000000e+00 -9.816776e-01 
1
2
0 0 6 24 0 -1
0 8 6 8 0 3
haar_y3
1.598040e-02 0 -1
-1.000000e+00 1.000001e+00 
1
2
22 0 2 1 0 -1
22 0 1 1 0 2
haar_x2
2.373198e-04 0 -1
-9.931040e-01 1.000000e+00 
1
2
0 0 2 1 0 -1
1 0 1 1 0 2
haar_x2
2.511351e-05 0 -1
-1.000000e+00 1.000000e+00 
1
2
22 0 2 1 0 -1
22 0 1 1 0 2
haar_x2
0.000000e+00 0 -1
0.000000e+00 -1.000000e+00 
1
2
0 0 2 9 0 -1
0 3 2 3 0 3
haar_y3
-5.422223e-04 0 -1
1.000000e+00 -1.000001e+00 
1
2
18 0 6 12 0 -1
18 4 6 4 0 3
haar_y3
-7.631695e-04 0 -1
1.000000e+00 -9.556916e-01 
1
2
3 14 8 10 0 -1
3 19 8 5 0 2
haar_y2
-1.499051e-04 0 -1
1.000000e+00 -1.000010e+00 
1
2
23 0 1 6 0 -1
23 2 1 2 0 3
haar_y3
-5.336793e-05 0 -1
1.000000e+00 -9.805525e-01 
1
2
0 6 7 16 0 -1
0 14 7 8 0 2
haar_y2
-1.020966e-02 0 -1
1.000000e+00 -1.000002e+00 
1
2
20 0 4 14 0 -1
20 7 4 7 0 2
haar_y2
1.757946e-04 0 -1
-9.823859e-01 1.000000e+00 
1
2
0 0 9 9 0 -1
3 3 3 3 0 9
haar_point
-1.034712e-02 0 -1
1.000000e+00 -1.000000e+00 
1.006977e+00

12
-1
