10
1
2
0 6 4 9 0 -1
1 6 2 9 0 2
haar_x4
1.740522e-02 0 -1
-3.790221e-01 8.505484e-01 
1
2
4 3 16 5 0 -1
8 3 8 5 0 2
haar_x4
6.100016e-02 0 -1
-3.247103e-01 7.077240e-01 
1
2
1 8 3 4 0 -1
2 8 1 4 0 3
haar_x3
-6.739033e-03 0 -1
9.167879e-01 -2.084500e-01 
1
2
20 8 3 8 0 -1
21 8 1 8 0 3
haar_x3
6.489011e-03 0 -1
-2.855319e-01 7.529619e-01 
1
2
1 8 4 6 0 -1
2 8 2 6 0 2
haar_x4
1.486591e-02 0 -1
-2.643048e-01 8.308924e-01 
1
2
12 2 8 1 0 -1
12 2 4 1 0 2
haar_x2
-1.395654e-05 0 -1
3.081156e-01 -3.242440e-01 
1
3
1 10 14 2 0 -1
1 10 7 1 0 2
8 11 7 1 0 2
haar_x2_y2
-2.896317e-05 0 -1
4.181599e-01 -5.068779e-01 
1
2
17 6 6 14 0 -1
19 6 2 14 0 3
haar_x3
4.657052e-02 0 -1
-2.032994e-01 9.477036e-01 
1
2
0 2 14 12 0 -1
0 6 14 4 0 3
haar_y3
9.483790e-03 0 -1
-6.911649e-01 3.937145e-01 
1
2
12 9 11 2 0 -1
12 10 11 1 0 2
haar_y2
2.410469e-05 0 -1
-6.568730e-01 1.583048e-01 
-1.824243e+00

8
-1
