9
1
2
9 10 5 9 0 -1
9 13 5 3 0 3
haar_y3
-1.369297e-05 0 -1
7.041864e-01 -5.458956e-01 
1
2
1 3 23 12 0 -1
1 7 23 4 0 3
haar_y3
3.788947e-02 0 -1
-8.366914e-01 3.662414e-01 
1
2
1 11 13 6 0 -1
1 13 13 2 0 3
haar_y3
5.927918e-04 0 -1
-9.413704e-01 2.530168e-01 
1
2
14 5 9 6 0 -1
17 5 3 6 0 3
haar_x3
-2.540202e-02 0 -1
3.062884e-01 -6.186302e-01 
1
2
1 9 6 6 0 -1
1 11 6 2 0 3
haar_y3
1.176308e-03 0 -1
-8.733675e-01 3.403533e-01 
1
2
14 4 9 8 0 -1
17 4 3 8 0 3
haar_x3
7.380830e-02 0 -1
-3.014412e-01 7.372075e-01 
1
2
0 14 23 6 0 -1
0 17 23 3 0 2
haar_y2
-5.494882e-02 0 -1
4.177422e-01 -9.057075e-01 
1
2
14 4 9 7 0 -1
17 4 3 7 0 3
haar_x3
-3.364336e-03 0 -1
2.547481e-02 -4.947555e-01 
1
2
0 3 6 12 0 -1
2 3 2 12 0 3
haar_x3
3.970814e-02 0 -1
-3.147816e-01 8.466108e-01 
-1.224492e+00

8
-1
