17
1
2
0 5 24 9 0 -1
0 8 24 3 0 3
haar_y3
2.140173e-02 0 -1
-9.390689e-01 4.441491e-01 
1
2
11 4 3 6 0 -1
11 7 3 3 0 2
haar_y2
-1.780381e-05 0 -1
5.376695e-01 -7.573416e-01 
1
2
1 0 22 20 0 -1
1 10 22 10 0 2
haar_y2
8.494478e-03 0 -1
-9.630255e-01 3.754542e-01 
1
2
1 9 22 6 0 -1
1 11 22 2 0 3
haar_y3
1.033273e-03 0 -1
-9.823034e-01 1.605505e-01 
1
3
0 13 14 4 0 -1
0 13 7 2 0 2
7 15 7 2 0 2
haar_x2_y2
1.215545e-03 0 -1
-9.084328e-01 2.302779e-01 
1
2
8 12 16 6 0 -1
8 14 16 2 0 3
haar_y3
3.573616e-04 0 -1
-9.019718e-01 2.018054e-01 
1
3
0 7 16 6 0 -1
0 7 8 3 0 2
8 10 8 3 0 2
haar_x2_y2
-2.771406e-05 0 -1
2.691945e-01 -9.360511e-01 
1
2
0 3 24 12 0 -1
8 3 8 12 0 3
haar_x3
1.726283e-01 0 -1
-6.500781e-01 6.675606e-01 
1
2
0 4 24 20 0 -1
0 14 24 10 0 2
haar_y2
-4.753820e-02 0 -1
3.913636e-01 -9.703825e-01 
1
2
16 6 6 9 0 -1
18 6 2 9 0 3
haar_x3
-1.956399e-02 0 -1
6.350980e-01 -6.143328e-01 
1
2
2 7 20 6 0 -1
2 9 20 2 0 3
haar_y3
1.237386e-04 0 -1
-9.302392e-01 3.535884e-01 
1
2
20 15 4 9 0 -1
20 18 4 3 0 3
haar_y3
-3.034407e-05 0 -1
2.008254e-01 -8.479605e-01 
1
2
2 6 6 9 0 -1
4 6 2 9 0 3
haar_x3
-2.074871e-02 0 -1
6.972476e-01 -4.800038e-01 
1
2
18 8 6 6 0 -1
20 8 2 6 0 3
haar_x3
-3.132381e-02 0 -1
9.321329e-01 -1.952977e-01 
1
2
0 10 19 6 0 -1
0 12 19 2 0 3
haar_y3
3.082300e-05 0 -1
-9.068260e-01 3.470487e-01 
1
2
18 8 6 7 0 -1
20 8 2 7 0 3
haar_x3
1.418769e-02 0 -1
-4.779839e-01 4.914647e-01 
1
2
0 7 6 6 0 -1
0 9 6 2 0 3
haar_y3
4.352285e-04 0 -1
-9.061497e-01 2.912738e-01 
-1.685022e+00

3
-1
