32
1
2
0 10 24 12 0 -1
0 14 24 4 0 3
haar_y3
2.043102e-02 0 -1
-7.290033e-01 9.999915e-01 
1
2
18 10 5 6 0 -1
18 12 5 2 0 3
haar_y3
2.374130e-05 0 -1
-9.674840e-01 6.283888e-01 
1
2
0 1 8 4 0 -1
4 1 4 4 0 2
haar_x2
1.363255e-05 0 -1
-9.469334e-01 9.999267e-01 
1
2
17 0 7 21 0 -1
17 7 7 7 0 3
haar_y3
3.218387e-02 0 -1
-1.000000e+00 1.000000e+00 
1
2
0 0 2 1 0 -1
1 0 1 1 0 2
haar_x2
0.000000e+00 0 -1
0.000000e+00 -1.000000e+00 
1
2
20 0 4 18 0 -1
20 6 4 6 0 3
haar_y3
1.176192e-03 0 -1
-9.997076e-01 1.000000e+00 
1
2
0 0 2 1 0 -1
1 0 1 1 0 2
haar_x2
0.000000e+00 0 -1
0.000000e+00 -1.000000e+00 
1
2
11 2 6 22 0 -1
11 13 6 11 0 2
haar_y2
-2.767511e-04 0 -1
-1.190777e-01 -9.962168e-01 
1
2
3 12 10 12 0 -1
3 18 10 6 0 2
haar_y2
-1.270546e-03 0 -1
1.000000e+00 -9.988863e-01 
1
2
19 3 4 12 0 -1
19 9 4 6 0 2
haar_y2
3.214604e-03 0 -1
-1.000000e+00 -7.424869e-01 
1
2
0 5 11 10 0 -1
0 10 11 5 0 2
haar_y2
1.396045e-03 0 -1
-1.000000e+00 1.000214e+00 
1
2
22 0 2 1 0 -1
22 0 1 1 0 2
haar_x2
0.000000e+00 0 -1
0.000000e+00 -1.000000e+00 
1
2
0 12 18 6 0 -1
0 14 18 2 0 3
haar_y3
1.325153e-03 0 -1
-9.972028e-01 1.000029e+00 
1
2
22 0 2 1 0 -1
22 0 1 1 0 2
haar_x2
0.000000e+00 0 -1
0.000000e+00 -1.000000e+00 
1
2
0 8 19 6 0 -1
0 10 19 2 0 3
haar_y3
4.331853e-04 0 -1
-1.000000e+00 1.000002e+00 
1
2
22 0 2 1 0 -1
22 0 1 1 0 2
haar_x2
0.000000e+00 0 -1
0.000000e+00 -1.000000e+00 
1
2
5 7 14 2 0 -1
12 7 7 2 0 2
haar_x2
1.563329e-04 0 -1
-9.936050e-01 1.000382e+00 
1
2
22 0 2 1 0 -1
22 0 1 1 0 2
haar_x2
0.000000e+00 0 -1
0.000000e+00 -1.000000e+00 
1
2
0 4 15 8 0 -1
0 8 15 4 0 2
haar_y2
8.743909e-03 0 -1
-1.000000e+00 1.000105e+00 
1
2
22 0 2 1 0 -1
22 0 1 1 0 2
haar_x2
0.000000e+00 0 -1
0.000000e+00 -1.000000e+00 
1
2
1 10 22 9 0 -1
1 13 22 3 0 3
haar_y3
3.405126e-02 0 -1
-9.871622e-01 9.999546e-01 
1
2
13 2 11 10 0 -1
13 7 11 5 0 2
haar_y2
2.549130e-02 0 -1
-1.000000e+00 1.000000e+00 
1
2
0 0 2 1 0 -1
1 0 1 1 0 2
haar_x2
0.000000e+00 0 -1
0.000000e+00 -1.000000e+00 
1
2
2 8 20 6 0 -1
2 10 20 2 0 3
haar_y3
8.225062e-04 0 -1
-1.000000e+00 1.000000e+00 
1
2
0 0 2 1 0 -1
1 0 1 1 0 2
haar_x2
0.000000e+00 0 -1
0.000000e+00 -1.000000e+00 
1
2
1 0 22 9 0 -1
1 3 22 3 0 3
haar_y3
-2.518968e-02 0 -1
1.000000e+00 -9.991775e-01 
1
2
6 3 2 20 0 -1
6 13 2 10 0 2
haar_y2
-9.711504e-05 0 -1
1.000000e+00 -9.972655e-01 
1
3
13 0 2 12 0 -1
14 0 1 6 0 2
13 6 1 6 0 2
haar_x2_y2
-2.257418e-05 0 -1
1.189046e-01 -9.802927e-01 
1
2
0 10 13 2 0 -1
0 11 13 1 0 2
haar_y2
1.642194e-05 0 -1
-9.384421e-01 9.998705e-01 
1
3
6 4 16 8 0 -1
14 4 8 4 0 2
6 8 8 4 0 2
haar_x2_y2
-9.882924e-04 0 -1
2.405168e-01 -9.883839e-01 
1
3
4 2 14 12 0 -1
4 2 7 6 0 2
11 8 7 6 0 2
haar_x2_y2
-9.272856e-05 0 -1
1.000000e+00 -9.652159e-01 
1
2
17 11 6 1 0 -1
19 11 2 1 0 3
haar_x3
6.014288e-03 0 -1
-7.775177e-01 1.000000e+00 
-1.688542e+00

11
-1
