9
1
2
6 3 10 5 0 -1
11 3 5 5 0 2
haar_x2
2.601605e-05 0 -1
-7.364556e-01 8.020334e-01 
1
2
14 0 9 12 0 -1
17 4 3 4 0 9
haar_point
-3.641697e-02 0 -1
6.492093e-01 -8.532834e-01 
1
2
1 16 1 6 0 -1
1 18 1 2 0 3
haar_y3
-2.759041e-05 0 -1
1.000000e+00 -7.676197e-01 
1
2
16 0 6 2 0 -1
16 0 3 2 0 2
tilted_haar_y2
-1.364917e-05 0 -1
5.027267e-01 -5.783670e-01 
1
2
1 0 9 12 0 -1
4 4 3 4 0 9
haar_point
-2.496425e-02 0 -1
7.396439e-01 -8.925179e-01 
1
2
16 0 6 2 0 -1
16 0 3 2 0 2
tilted_haar_y2
-1.375129e-05 0 -1
2.394104e-01 -4.373730e-01 
1
2
9 4 4 3 0 -1
9 4 2 3 0 2
tilted_haar_x2
1.582294e-05 0 -1
-7.707025e-01 8.263115e-01 
1
2
17 12 7 6 0 -1
17 14 7 2 0 3
haar_y3
1.594684e-03 0 -1
-8.751488e-01 5.712525e-01 
1
2
1 3 12 12 0 -1
1 7 12 4 0 3
haar_y3
3.046060e-03 0 -1
-9.894440e-01 8.208916e-01 
-4.174328e-01

11
-1
