9
1
2
9 11 4 8 0 -1
9 15 4 4 0 2
haar_y2
-2.302574e-03 0 -1
-7.233148e-01 5.094767e-01 
1
2
8 4 8 3 0 -1
8 5 8 1 0 3
haar_y3
5.999678e-03 0 -1
-3.369140e-01 8.540184e-01 
1
3
0 8 22 4 0 -1
0 8 11 2 0 2
11 10 11 2 0 2
haar_x2_y2
-1.129918e-02 0 -1
-7.882380e-01 3.332145e-01 
1
3
7 4 12 12 0 -1
13 4 6 6 0 2
7 10 6 6 0 2
haar_x2_y2
-4.608808e-02 0 -1
-7.212862e-01 1.234802e-01 
1
2
1 7 6 7 0 -1
3 7 2 7 0 3
haar_x3
-3.836728e-02 0 -1
8.124750e-01 -3.155231e-01 
1
2
23 4 1 16 0 -1
23 8 1 8 0 2
haar_y4
2.512466e-03 0 -1
3.754873e-01 -2.670932e-01 
1
2
0 8 4 5 0 -1
2 8 2 5 0 2
haar_x2
2.244598e-02 0 -1
-2.569264e-01 7.777371e-01 
1
2
19 8 4 8 0 -1
20 8 2 8 0 2
haar_x4
1.715549e-02 0 -1
-1.616459e-01 9.266846e-01 
1
2
1 10 4 3 0 -1
2 10 2 3 0 2
haar_x4
-4.376593e-03 0 -1
8.144929e-01 -3.003378e-01 
-1.349269e+00

7
-1
