25
1
2
0 4 22 9 0 -1
0 7 22 3 0 3
haar_y3
2.153334e-04 0 -1
-9.375029e-01 5.475474e-01 
1
2
16 8 8 4 0 -1
16 10 8 2 0 2
haar_y2
1.290796e-04 0 -1
-9.437708e-01 3.240284e-01 
1
2
1 5 9 6 0 -1
4 5 3 6 0 3
haar_x3
-1.623815e-02 0 -1
5.174833e-01 -8.559062e-01 
1
2
15 8 8 6 0 -1
15 10 8 2 0 3
haar_y3
9.981054e-04 0 -1
-8.909222e-01 2.730441e-01 
1
3
3 9 12 10 0 -1
3 9 6 5 0 2
9 14 6 5 0 2
haar_x2_y2
2.942768e-05 0 -1
-9.481030e-01 3.256681e-01 
1
2
5 12 19 6 0 -1
5 14 19 2 0 3
haar_y3
1.491433e-03 0 -1
-9.342127e-01 2.208263e-01 
1
2
1 9 7 4 0 -1
1 10 7 2 0 2
haar_y4
1.462382e-05 0 -1
-9.753639e-01 2.292486e-01 
1
2
1 4 22 20 0 -1
1 14 22 10 0 2
haar_y2
-5.564186e-02 0 -1
2.422710e-01 -9.922346e-01 
1
2
0 0 9 18 0 -1
0 9 9 9 0 2
haar_y2
2.525290e-02 0 -1
-9.854579e-01 1.443135e-01 
1
2
14 18 10 4 0 -1
14 18 5 4 0 2
haar_x2
1.448853e-05 0 -1
-8.680780e-01 1.418574e-01 
1
2
1 10 8 6 0 -1
1 12 8 2 0 3
haar_y3
3.312840e-05 0 -1
-9.881846e-01 3.523221e-01 
1
3
7 7 14 4 0 -1
14 7 7 2 0 2
7 9 7 2 0 2
haar_x2_y2
-1.409774e-05 0 -1
-1.125337e-01 -8.878934e-01 
1
2
0 8 9 2 0 -1
0 9 9 1 0 2
haar_y2
4.629273e-05 0 -1
-9.732914e-01 5.425684e-01 
1
2
13 3 2 12 0 -1
13 3 1 12 0 2
tilted_haar_y2
8.130240e-05 0 -1
-8.411252e-01 1.772729e-01 
1
2
2 1 3 9 0 -1
3 4 1 3 0 9
haar_point
-1.510544e-05 0 -1
4.718602e-01 -9.808737e-01 
1
2
16 10 8 10 0 -1
16 10 4 10 0 2
haar_x2
-1.588344e-02 0 -1
4.230753e-01 -5.843319e-01 
1
2
0 10 8 10 0 -1
4 10 4 10 0 2
haar_x2
2.862902e-02 0 -1
-6.105134e-01 8.716968e-01 
1
2
15 9 7 8 0 -1
15 9 7 4 0 2
tilted_haar_x2
2.484437e-05 0 -1
-8.021254e-01 4.884432e-01 
1
2
1 11 7 6 0 -1
1 13 7 2 0 3
haar_y3
2.897560e-04 0 -1
-9.843581e-01 4.922600e-01 
1
2
14 8 1 4 0 -1
14 8 1 2 0 2
tilted_haar_x2
-1.902538e-05 0 -1
-1.393487e-02 -9.287717e-01 
1
2
1 5 21 9 0 -1
1 8 21 3 0 3
haar_y3
7.474102e-03 0 -1
-9.843837e-01 5.355362e-01 
1
2
6 6 12 15 0 -1
10 11 4 5 0 9
haar_point
-1.465714e-04 0 -1
6.524137e-01 -9.328257e-01 
1
2
1 9 22 6 0 -1
1 11 22 2 0 3
haar_y3
3.007845e-05 0 -1
-9.969882e-01 4.441085e-01 
1
2
13 7 9 13 0 -1
16 7 3 13 0 3
haar_x3
-6.920369e-03 0 -1
2.943244e-01 -8.874972e-01 
1
3
2 6 14 8 0 -1
2 6 7 4 0 2
9 10 7 4 0 2
haar_x2_y2
-2.190554e-05 0 -1
4.837770e-01 -9.314156e-01 
-1.107253e+00

3
-1
