12
1
2
10 10 4 9 0 -1
10 13 4 3 0 3
haar_y3
1.014975e-03 0 -1
5.302751e-01 -6.285405e-01 
1
2
17 5 6 7 0 -1
19 5 2 7 0 3
haar_x3
-3.278958e-02 0 -1
7.490054e-01 -2.148929e-01 
1
2
5 0 13 10 0 -1
5 5 13 5 0 2
haar_y2
1.169094e-01 0 -1
-4.286791e-01 5.566030e-01 
1
2
10 8 5 8 0 -1
10 12 5 4 0 2
haar_y2
-3.590358e-03 0 -1
-8.600720e-01 1.800345e-01 
1
2
5 2 1 4 0 -1
5 4 1 2 0 2
haar_y2
5.357277e-04 0 -1
2.697424e-01 -7.300982e-01 
1
3
0 11 24 6 0 -1
12 11 12 3 0 2
0 14 12 3 0 2
haar_x2_y2
-1.575378e-02 0 -1
-7.855080e-01 2.223237e-01 
1
2
4 2 14 10 0 -1
11 2 7 10 0 2
haar_x2
5.441196e-02 0 -1
2.041303e-01 -8.754684e-01 
1
2
8 13 8 2 0 -1
8 14 8 1 0 2
haar_y2
4.489830e-04 0 -1
1.660113e-01 -8.584259e-01 
1
2
11 13 2 4 0 -1
11 15 2 2 0 2
haar_y2
-3.857219e-04 0 -1
-6.290199e-01 2.505806e-01 
1
2
13 6 6 10 0 -1
15 6 2 10 0 3
haar_x3
3.441050e-02 0 -1
-1.829579e-01 7.018121e-01 
1
2
5 6 6 10 0 -1
7 6 2 10 0 3
haar_x3
2.898853e-02 0 -1
-2.016436e-01 7.898318e-01 
1
2
15 9 1 6 0 -1
15 12 1 3 0 2
haar_y2
5.089170e-04 0 -1
1.961200e-01 -7.541283e-01 
-1.966876e+00

9
-1
