33
1
2
11 4 2 8 0 -1
11 8 2 4 0 2
haar_y2
-3.963031e-05 0 -1
6.840760e-01 -6.082454e-01 
1
2
17 3 6 16 0 -1
19 3 2 16 0 3
haar_x3
-4.249769e-02 0 -1
7.954038e-01 -2.511816e-01 
1
2
5 6 6 7 0 -1
7 6 2 7 0 3
haar_x3
1.763898e-02 0 -1
-3.048645e-01 7.121117e-01 
1
2
1 10 23 9 0 -1
1 13 23 3 0 3
haar_y3
3.746750e-02 0 -1
-7.975075e-01 2.766283e-01 
1
2
0 4 17 9 0 -1
0 7 17 3 0 3
haar_y3
2.263740e-03 0 -1
-8.400442e-01 2.246569e-01 
1
2
1 8 22 2 0 -1
1 9 22 1 0 2
haar_y2
6.180553e-05 0 -1
-9.713448e-01 1.270637e-01 
1
3
1 15 14 2 0 -1
1 15 7 1 0 2
8 16 7 1 0 2
haar_x2_y2
6.180107e-05 0 -1
-8.227345e-01 1.094987e-01 
1
2
10 9 13 6 0 -1
10 11 13 2 0 3
haar_y3
1.390437e-04 0 -1
-9.380192e-01 1.761288e-01 
1
2
1 11 21 6 0 -1
1 13 21 2 0 3
haar_y3
2.769065e-05 0 -1
-9.778937e-01 9.173389e-02 
1
2
12 6 9 12 0 -1
15 6 3 12 0 3
haar_x3
-2.149951e-03 0 -1
2.710080e-01 -7.467555e-01 
1
2
6 7 12 2 0 -1
12 7 6 2 0 2
haar_x2
2.226017e-05 0 -1
-6.631341e-01 5.305948e-01 
1
2
11 9 12 6 0 -1
11 11 12 2 0 3
haar_y3
4.396574e-05 0 -1
-8.803851e-01 1.577284e-01 
1
3
1 11 18 6 0 -1
1 11 9 3 0 2
10 14 9 3 0 2
haar_x2_y2
2.717676e-05 0 -1
-9.093593e-01 2.340686e-01 
1
2
1 3 22 8 0 -1
1 7 22 4 0 2
haar_y2
5.549400e-02 0 -1
-9.958429e-01 1.197370e-01 
1
3
4 4 10 10 0 -1
4 4 5 5 0 2
9 9 5 5 0 2
haar_x2_y2
-4.683702e-05 0 -1
9.660514e-02 -9.643277e-01 
1
2
6 9 18 6 0 -1
6 11 18 2 0 3
haar_y3
8.674213e-05 0 -1
-8.634935e-01 3.505343e-03 
1
2
0 9 18 6 0 -1
0 11 18 2 0 3
haar_y3
1.039623e-03 0 -1
-9.640140e-01 1.363217e-01 
1
2
5 5 19 9 0 -1
5 8 19 3 0 3
haar_y3
6.614688e-03 0 -1
-8.892326e-01 8.878490e-02 
1
2
0 6 15 18 0 -1
0 15 15 9 0 2
haar_y2
-4.950069e-02 0 -1
8.692502e-02 -9.861555e-01 
1
2
1 0 23 18 0 -1
1 9 23 9 0 2
haar_y2
3.658422e-04 0 -1
-9.956342e-01 3.232226e-03 
1
2
0 6 9 4 0 -1
0 8 9 2 0 2
haar_y2
3.352402e-04 0 -1
-1.000000e+00 1.135800e-02 
1
2
6 13 18 6 0 -1
6 16 18 3 0 2
haar_y2
-2.845775e-03 0 -1
8.606535e-03 -9.889099e-01 
1
2
0 3 6 11 0 -1
2 3 2 11 0 3
haar_x3
4.490390e-02 0 -1
-3.957223e-01 8.697006e-01 
1
2
18 10 6 6 0 -1
20 10 2 6 0 3
haar_x3
1.451774e-02 0 -1
-4.926440e-01 6.714291e-01 
1
2
0 2 12 14 0 -1
0 9 12 7 0 2
haar_y2
2.012111e-02 0 -1
-9.956206e-01 3.961201e-01 
1
2
18 10 6 13 0 -1
20 10 2 13 0 3
haar_x3
-8.277714e-03 0 -1
5.426561e-01 -8.431940e-01 
1
2
4 10 11 10 0 -1
4 15 11 5 0 2
haar_y2
-2.520083e-05 0 -1
3.891787e-01 -9.859618e-01 
1
2
18 10 6 3 0 -1
20 10 2 3 0 3
haar_x3
2.124283e-02 0 -1
-3.886118e-01 6.352273e-01 
1
2
0 5 19 9 0 -1
0 8 19 3 0 3
haar_y3
5.623485e-04 0 -1
-9.876408e-01 2.633922e-01 
1
2
18 10 6 4 0 -1
20 10 2 4 0 3
haar_x3
-3.001950e-03 0 -1
2.558059e-01 -6.299354e-01 
1
2
1 5 6 7 0 -1
3 5 2 7 0 3
haar_x3
-8.574073e-03 0 -1
8.015900e-01 -5.263849e-01 
1
2
12 18 12 1 0 -1
12 18 6 1 0 2
haar_x2
2.496496e-05 0 -1
-4.580975e-01 4.929719e-01 
1
3
0 9 6 12 0 -1
0 9 3 6 0 2
3 15 3 6 0 2
haar_x2_y2
-3.284887e-02 0 -1
8.365812e-01 -6.069066e-01 
-2.530841e+00

6
-1
