14
1
2
1 5 6 6 0 -1
3 5 2 6 0 3
haar_x3
-2.776647e-02 0 -1
8.748103e-01 -3.365670e-01 
1
2
9 8 6 1 0 -1
11 8 2 1 0 3
haar_x3
-4.135247e-03 0 -1
8.520738e-01 -2.514468e-01 
1
2
0 8 4 9 0 -1
2 8 2 9 0 2
haar_x2
4.273863e-02 0 -1
-2.314265e-01 9.577485e-01 
1
2
11 12 6 6 0 -1
11 15 6 3 0 2
haar_y2
5.894583e-03 0 -1
1.862579e-01 -8.662491e-01 
1
2
7 12 6 6 0 -1
7 15 6 3 0 2
haar_y2
-2.675939e-03 0 -1
-5.308442e-01 4.275306e-01 
1
2
7 12 17 6 0 -1
7 14 17 2 0 3
haar_y3
-2.472448e-02 0 -1
-9.072465e-01 -2.202551e-02 
1
2
4 2 16 10 0 -1
12 2 8 10 0 2
haar_x2
4.991535e-02 0 -1
2.501732e-01 -9.045393e-01 
1
2
17 7 3 12 0 -1
18 7 1 12 0 3
haar_x3
1.620950e-02 0 -1
-1.662605e-01 8.402584e-01 
1
2
8 2 8 22 0 -1
12 2 4 22 0 2
haar_x2
-1.696953e-02 0 -1
-5.991165e-01 4.044722e-01 
1
2
17 0 7 6 0 -1
17 3 7 3 0 2
haar_y2
4.192374e-03 0 -1
2.346520e-01 -5.529947e-01 
1
2
2 2 4 2 0 -1
4 2 2 2 0 2
haar_x2
2.390201e-03 0 -1
2.455934e-01 -8.656686e-01 
1
2
3 21 21 2 0 -1
3 22 21 1 0 2
haar_y2
1.881517e-03 0 -1
-2.476011e-01 5.698595e-01 
1
3
0 8 2 16 0 -1
0 8 1 8 0 2
1 16 1 8 0 2
haar_x2_y2
-7.878253e-03 0 -1
8.603274e-01 -2.355534e-01 
1
2
18 10 6 1 0 -1
20 10 2 1 0 3
haar_x3
8.589603e-03 0 -1
-1.740469e-01 7.716339e-01 
-1.848398e+00

10
-1
