10
1
2
11 4 2 8 0 -1
11 8 2 4 0 2
haar_y2
-1.614785e-05 0 -1
7.761856e-01 -6.269805e-01 
1
2
1 0 22 20 0 -1
1 10 22 10 0 2
haar_y2
8.446909e-03 0 -1
-9.393438e-01 4.206533e-01 
1
2
1 5 9 6 0 -1
4 5 3 6 0 3
haar_x3
-2.136790e-02 0 -1
7.094923e-01 -6.006951e-01 
1
2
14 5 10 16 0 -1
14 5 5 16 0 2
haar_x2
7.958618e-02 0 -1
-3.261529e-01 6.488427e-01 
1
2
1 10 22 6 0 -1
1 12 22 2 0 3
haar_y3
5.201066e-04 0 -1
-9.840629e-01 3.058972e-01 
1
2
14 18 10 1 0 -1
14 18 5 1 0 2
haar_x2
4.501774e-05 0 -1
-7.894674e-01 1.445086e-01 
1
2
0 18 10 1 0 -1
5 18 5 1 0 2
haar_x2
1.643917e-05 0 -1
-9.233370e-01 3.285981e-01 
1
3
7 6 16 6 0 -1
15 6 8 3 0 2
7 9 8 3 0 2
haar_x2_y2
-7.837731e-05 0 -1
3.695931e-01 -9.375322e-01 
1
2
0 12 16 6 0 -1
0 14 16 2 0 3
haar_y3
1.437906e-03 0 -1
-9.250325e-01 2.877180e-01 
1
2
3 2 20 22 0 -1
3 13 20 11 0 2
haar_y2
-1.405288e-04 0 -1
2.186686e-01 -9.465361e-01 
-1.023072e+00

3
-1
