7
1
2
0 11 24 12 0 -1
0 17 24 6 0 2
haar_y2
-1.632201e-01 0 -1
4.206865e-01 -9.450089e-01 
1
3
9 4 14 8 0 -1
16 4 7 4 0 2
9 8 7 4 0 2
haar_x2_y2
-2.556612e-02 0 -1
4.212169e-01 -7.262055e-01 
1
2
1 3 7 10 0 -1
1 8 7 5 0 2
haar_y2
4.310553e-02 0 -1
-8.134743e-01 4.579189e-01 
1
2
17 7 6 9 0 -1
19 7 2 9 0 3
haar_x3
-4.112377e-02 0 -1
9.344857e-01 -3.840378e-01 
1
2
11 11 2 6 0 -1
11 14 2 3 0 2
haar_y2
-1.381759e-03 0 -1
-8.575132e-01 3.977949e-01 
1
2
0 5 24 15 0 -1
8 5 8 15 0 3
haar_x3
2.218722e-01 0 -1
-4.948689e-01 7.364842e-01 
1
2
1 9 22 10 0 -1
1 14 22 5 0 2
haar_y2
-4.804488e-02 0 -1
4.672711e-01 -8.608205e-01 
-1.351107e+00

1
-1
