6
1
2
1 5 8 6 0 -1
3 5 4 6 0 2
haar_x4
-1.706262e-02 0 -1
7.965624e-01 -5.116307e-01 
1
2
0 3 24 16 0 -1
0 7 24 8 0 2
haar_y4
1.581361e-01 0 -1
-9.226210e-01 3.525082e-01 
1
3
1 4 14 10 0 -1
1 4 7 5 0 2
8 9 7 5 0 2
haar_x2_y2
-1.667598e-02 0 -1
3.870871e-01 -7.593345e-01 
1
2
0 12 24 8 0 -1
6 12 12 8 0 2
haar_x4
1.216366e-01 0 -1
-4.216992e-01 7.212353e-01 
1
2
0 8 24 7 0 -1
6 8 12 7 0 2
haar_x4
-1.730234e-01 0 -1
9.382362e-01 -2.750203e-01 
1
2
0 10 24 9 0 -1
0 13 24 3 0 3
haar_y3
2.689649e-02 0 -1
-8.669189e-01 3.382051e-01 
-1.276971e+00

1
-1
