14
1
2
12 3 5 4 0 -1
12 3 5 2 0 2
tilted_haar_y2
2.126509e-05 0 -1
-6.798594e-01 5.706028e-01 
1
2
15 0 8 12 0 -1
15 0 4 12 0 2
tilted_haar_y2
-1.450850e-05 0 -1
2.960943e-01 -6.659705e-01 
1
2
6 3 18 2 0 -1
6 3 9 2 0 2
tilted_haar_x2
2.134841e-05 0 -1
-8.109421e-01 4.713922e-01 
1
2
13 0 10 11 0 -1
13 0 5 11 0 2
tilted_haar_y2
-1.577751e-03 0 -1
-6.444070e-02 -4.685651e-01 
1
2
11 0 11 10 0 -1
11 0 11 5 0 2
tilted_haar_y2
-1.743915e-04 0 -1
4.778993e-01 -7.976093e-01 
1
2
18 5 4 10 0 -1
19 6 2 10 0 2
tilted_haar_y4
-1.377776e-05 0 -1
3.392322e-01 -5.400378e-01 
1
2
2 8 4 9 0 -1
3 8 2 9 0 2
haar_x4
-1.589266e-02 0 -1
7.926612e-01 -3.134712e-01 
1
2
17 8 6 5 0 -1
19 8 2 5 0 3
haar_x3
-2.978211e-02 0 -1
9.194883e-01 -2.223043e-01 
1
2
2 8 3 2 0 -1
2 8 3 1 0 2
tilted_haar_y2
4.888784e-03 0 -1
-3.603098e-01 7.555813e-01 
1
2
1 10 22 4 0 -1
1 11 22 2 0 2
haar_y4
3.406365e-04 0 -1
-8.354021e-01 2.858832e-01 
1
2
0 8 6 8 0 -1
2 8 2 8 0 3
haar_x3
-2.780381e-02 0 -1
7.021157e-01 -4.721200e-01 
1
2
1 0 23 16 0 -1
1 8 23 8 0 2
haar_y2
1.243085e-01 0 -1
-9.767471e-01 3.295804e-01 
1
2
0 6 6 9 0 -1
2 6 2 9 0 3
haar_x3
5.123454e-02 0 -1
-4.886227e-01 9.024057e-01 
1
2
1 11 22 6 0 -1
1 13 22 2 0 3
haar_y3
6.577069e-04 0 -1
-9.832403e-01 3.475660e-01 
-1.180569e+00

5
-1
