10
1
3
1 14 14 4 0 -1
1 14 7 2 0 2
8 16 7 2 0 2
haar_x2_y2
2.055223e-03 0 -1
-8.276151e-01 4.668744e-01 
1
2
0 3 24 10 0 -1
8 3 8 10 0 3
haar_x3
1.407021e-01 0 -1
-6.532397e-01 6.389962e-01 
1
2
0 8 24 12 0 -1
0 12 24 4 0 3
haar_y3
7.758513e-02 0 -1
-9.400861e-01 4.752138e-01 
1
2
1 5 23 9 0 -1
1 8 23 3 0 3
haar_y3
2.276477e-02 0 -1
-9.761012e-01 2.813941e-01 
1
2
12 5 5 2 0 -1
12 5 5 1 0 2
tilted_haar_y2
1.853546e-05 0 -1
-9.462665e-01 4.021717e-01 
1
2
7 9 17 6 0 -1
7 11 17 2 0 3
haar_y3
2.326900e-05 0 -1
-9.790362e-01 2.385626e-01 
1
2
0 10 24 4 0 -1
6 10 12 4 0 2
haar_x4
-1.081048e-01 0 -1
9.647404e-01 -9.448155e-01 
1
2
9 8 13 6 0 -1
9 10 13 2 0 3
haar_y3
9.301001e-05 0 -1
-9.473969e-01 6.970448e-01 
1
2
2 11 20 4 0 -1
2 12 20 2 0 2
haar_y4
1.576384e-05 0 -1
-9.923006e-01 4.365144e-01 
1
2
12 7 3 9 0 -1
12 10 3 3 0 3
haar_y3
-2.511351e-05 0 -1
2.527585e-01 -9.802861e-01 
-2.290355e+00

2
-1
