20
1
2
0 18 6 3 0 -1
3 18 3 3 0 2
haar_x2
8.551711e-04 0 -1
-5.348029e-01 5.983775e-01 
1
2
10 1 6 6 0 -1
10 4 6 3 0 2
haar_y2
3.825587e-02 0 -1
-3.529265e-01 8.255326e-01 
1
2
2 4 3 19 0 -1
3 4 1 19 0 3
haar_x3
-5.527413e-03 0 -1
8.057549e-01 -3.144072e-01 
1
2
10 22 10 2 0 -1
10 22 5 2 0 2
haar_x2
-1.341186e-05 0 -1
3.793463e-01 -2.522997e-01 
1
2
7 10 9 2 0 -1
7 11 9 1 0 2
haar_y2
-1.381304e-05 0 -1
5.719078e-01 -3.922578e-01 
1
2
5 1 14 14 0 -1
5 1 7 14 0 2
haar_x2
-2.458021e-02 0 -1
-6.901905e-01 3.849477e-01 
1
2
8 5 3 8 0 -1
9 5 1 8 0 3
haar_x3
4.502552e-05 0 -1
-4.409471e-01 6.264718e-01 
1
2
19 0 4 4 0 -1
19 0 2 4 0 2
haar_x2
5.330218e-04 0 -1
-5.175524e-01 5.149862e-01 
1
2
0 0 9 9 0 -1
0 3 9 3 0 3
haar_y3
-8.519794e-03 0 -1
4.171735e-01 -8.217638e-01 
1
2
9 2 15 15 0 -1
9 7 15 5 0 3
haar_y3
4.654539e-02 0 -1
-7.181531e-01 1.292289e-01 
1
2
0 11 8 6 0 -1
0 13 8 2 0 3
haar_y3
2.972817e-04 0 -1
-8.839083e-01 2.374799e-01 
1
2
14 4 9 1 0 -1
17 4 3 1 0 3
haar_x3
1.860754e-05 0 -1
-4.011963e-01 1.528463e-01 
1
2
1 5 16 9 0 -1
1 8 16 3 0 3
haar_y3
1.005880e-02 0 -1
-8.775841e-01 3.898356e-01 
1
3
5 9 18 10 0 -1
14 9 9 5 0 2
5 14 9 5 0 2
haar_x2_y2
8.892292e-03 0 -1
-7.839780e-01 1.114895e-01 
1
2
10 4 2 20 0 -1
10 14 2 10 0 2
haar_y2
-3.631029e-05 0 -1
4.543373e-01 -8.039028e-01 
1
3
4 6 20 14 0 -1
14 6 10 7 0 2
4 13 10 7 0 2
haar_x2_y2
7.643924e-03 0 -1
-4.506266e-01 8.198766e-02 
1
3
1 11 20 8 0 -1
1 11 10 4 0 2
11 15 10 4 0 2
haar_x2_y2
4.209487e-03 0 -1
-4.970812e-01 7.620608e-01 
1
2
14 13 6 2 0 -1
16 13 2 2 0 3
haar_x3
2.933573e-03 0 -1
-4.896077e-01 6.534375e-01 
1
2
1 14 20 2 0 -1
1 15 20 1 0 2
haar_y2
-3.133160e-05 0 -1
5.814566e-01 -9.806626e-01 
1
2
14 13 6 2 0 -1
16 13 2 2 0 3
haar_x3
-1.709666e-03 0 -1
5.192132e-01 -6.329072e-01 
-2.323086e+00

11
-1
