7
1
2
7 6 3 2 0 -1
7 6 3 1 0 2
tilted_haar_y2
-5.739629e-04 0 -1
-6.865793e-01 5.328485e-01 
1
2
8 5 8 4 0 -1
8 7 8 2 0 2
haar_y2
-4.437439e-05 0 -1
5.905092e-01 -5.001833e-01 
1
2
3 3 18 6 0 -1
9 3 6 6 0 3
haar_x3
8.153199e-02 0 -1
-3.904276e-01 6.013705e-01 
1
2
11 13 3 4 0 -1
11 15 3 2 0 2
haar_y2
-7.081755e-04 0 -1
-7.271776e-01 3.004848e-01 
1
2
1 5 22 9 0 -1
1 8 22 3 0 3
haar_y3
3.829572e-02 0 -1
-6.883836e-01 3.589939e-01 
1
2
12 9 6 4 0 -1
14 11 2 4 0 3
tilted_haar_y3
4.601295e-02 0 -1
-2.235357e-01 8.468490e-01 
1
2
0 10 23 9 0 -1
0 13 23 3 0 3
haar_y3
3.286308e-02 0 -1
-8.868979e-01 3.474053e-01 
-1.036347e+00

7
-1
