7
1
2
1 5 8 6 0 -1
3 5 4 6 0 2
haar_x4
-1.706262e-02 0 -1
7.965624e-01 -5.116307e-01 
1
2
12 5 2 5 0 -1
12 5 1 5 0 2
tilted_haar_y2
-4.688586e-04 0 -1
-3.705321e-01 3.559321e-01 
1
2
0 3 24 16 0 -1
0 7 24 8 0 2
haar_y4
1.581361e-01 0 -1
-9.460933e-01 3.517530e-01 
1
2
13 4 2 6 0 -1
13 4 1 6 0 2
tilted_haar_y2
1.365282e-05 0 -1
-1.911207e-01 6.820614e-02 
1
2
0 4 24 16 0 -1
8 4 8 16 0 3
haar_x3
2.233663e-01 0 -1
-4.831210e-01 6.090429e-01 
1
2
13 2 8 7 0 -1
15 4 4 7 0 2
tilted_haar_y4
9.013155e-03 0 -1
1.364094e-01 -3.327767e-01 
1
2
7 0 11 6 0 -1
5 2 11 2 0 3
tilted_haar_y3
-8.378276e-05 0 -1
3.987440e-01 -8.115084e-01 
-1.153286e+00

1
-1
