9
1
2
0 0 8 24 0 -1
0 8 8 8 0 3
haar_y3
6.954491e-03 0 -1
-1.000000e+00 1.000034e+00 
1
2
9 7 15 16 0 -1
9 15 15 8 0 2
haar_y2
-3.963599e-04 0 -1
1.000000e+00 -9.988235e-01 
1
2
0 0 6 9 0 -1
3 0 3 9 0 2
haar_x2
0.000000e+00 0 -1
0.000000e+00 -1.000000e+00 
1
2
10 6 14 18 0 -1
10 15 14 9 0 2
haar_y2
-1.757946e-04 0 -1
1.000000e+00 -9.933026e-01 
1
2
0 0 6 9 0 -1
3 0 3 9 0 2
haar_x2
0.000000e+00 0 -1
0.000000e+00 -1.000000e+00 
1
2
11 6 13 18 0 -1
11 15 13 9 0 2
haar_y2
-1.085683e-04 0 -1
1.000000e+00 -9.555324e-01 
1
3
0 0 2 22 0 -1
0 0 1 11 0 2
1 11 1 11 0 2
haar_x2_y2
-1.465696e-04 0 -1
1.000000e+00 -1.000001e+00 
1
2
22 0 2 24 0 -1
22 12 2 12 0 2
haar_y2
6.366805e-04 0 -1
-9.939212e-01 1.000000e+00 
1
2
0 10 19 12 0 -1
0 16 19 6 0 2
haar_y2
-2.227140e-02 0 -1
1.000000e+00 -1.000010e+00 
-9.476247e-01

13
-1
