9
1
3
1 4 12 8 0 -1
1 4 6 4 0 2
7 8 6 4 0 2
haar_x2_y2
-2.449511e-02 0 -1
5.775249e-01 -6.405674e-01 
1
2
0 4 24 6 0 -1
0 7 24 3 0 2
haar_y2
5.590284e-02 0 -1
-8.661933e-01 3.974749e-01 
1
2
1 6 9 14 0 -1
4 6 3 14 0 3
haar_x3
-5.297147e-02 0 -1
7.486965e-01 -4.655469e-01 
1
2
1 10 23 9 0 -1
1 13 23 3 0 3
haar_y3
2.314359e-02 0 -1
-9.109322e-01 3.893378e-01 
1
2
0 4 21 16 0 -1
7 4 7 16 0 3
haar_x3
1.938712e-01 0 -1
-5.537121e-01 5.972574e-01 
1
2
1 8 22 6 0 -1
1 10 22 2 0 3
haar_y3
1.837070e-03 0 -1
-9.482201e-01 2.481627e-01 
1
3
1 12 14 6 0 -1
1 12 7 3 0 2
8 15 7 3 0 2
haar_x2_y2
2.723138e-03 0 -1
-8.335148e-01 2.989912e-01 
1
2
18 10 6 5 0 -1
20 10 2 5 0 3
haar_x3
2.286891e-02 0 -1
-4.946838e-01 8.420296e-01 
1
2
1 14 22 2 0 -1
1 15 22 1 0 2
haar_y2
-5.166126e-04 0 -1
3.422895e-01 -9.775284e-01 
-1.760061e+00

2
-1
