7
1
3
1 13 14 6 0 -1
1 13 7 3 0 2
8 16 7 3 0 2
haar_x2_y2
6.308533e-03 0 -1
-8.119742e-01 4.994122e-01 
1
2
0 4 24 6 0 -1
0 7 24 3 0 2
haar_y2
5.465524e-02 0 -1
-9.436927e-01 3.169945e-01 
1
2
0 11 24 12 0 -1
0 17 24 6 0 2
haar_y2
-1.687609e-01 0 -1
2.954044e-01 -9.547179e-01 
1
2
14 5 9 6 0 -1
17 5 3 6 0 3
haar_x3
-2.347384e-02 0 -1
6.833902e-01 -6.376032e-01 
1
2
0 9 18 6 0 -1
0 11 18 2 0 3
haar_y3
5.715580e-04 0 -1
-9.594612e-01 3.477263e-01 
1
2
16 6 6 10 0 -1
18 6 2 10 0 3
haar_x3
3.626757e-02 0 -1
-4.357901e-01 8.513188e-01 
1
2
1 7 21 6 0 -1
1 9 21 2 0 3
haar_y3
9.761414e-04 0 -1
-9.768658e-01 4.157241e-01 
-5.095183e-01

2
-1
