11
1
2
9 14 5 4 0 -1
9 16 5 2 0 2
haar_y2
-9.591908e-04 0 -1
-7.578695e-01 4.448635e-01 
1
2
9 4 7 3 0 -1
9 5 7 1 0 3
haar_y3
5.163189e-03 0 -1
-3.689827e-01 8.056788e-01 
1
2
0 4 18 9 0 -1
0 7 18 3 0 3
haar_y3
8.562315e-04 0 -1
-8.761250e-01 2.991953e-01 
1
2
17 7 6 10 0 -1
19 7 2 10 0 3
haar_x3
-2.946243e-02 0 -1
7.054408e-01 -4.583878e-01 
1
2
0 14 6 9 0 -1
0 17 6 3 0 3
haar_y3
-1.246712e-04 0 -1
2.944077e-01 -8.459783e-01 
1
2
20 3 3 11 0 -1
21 3 1 11 0 3
haar_x3
-8.990772e-03 0 -1
7.613128e-01 -3.015379e-01 
1
2
1 4 3 13 0 -1
2 4 1 13 0 3
haar_x3
1.589724e-02 0 -1
-2.190875e-01 9.412838e-01 
1
2
7 9 15 6 0 -1
7 11 15 2 0 3
haar_y3
8.052272e-05 0 -1
-9.230787e-01 2.989264e-01 
1
3
1 8 22 6 0 -1
1 8 11 3 0 2
12 11 11 3 0 2
haar_x2_y2
-5.189110e-04 0 -1
3.272020e-01 -7.490357e-01 
1
2
18 9 6 7 0 -1
20 9 2 7 0 3
haar_x3
4.062617e-02 0 -1
-4.209318e-01 7.432722e-01 
1
2
1 13 20 2 0 -1
1 14 20 1 0 2
haar_y2
-5.580683e-05 0 -1
3.746736e-01 -9.421304e-01 
-1.981217e+00

8
-1
