9
1
2
9 13 5 6 0 -1
9 16 5 3 0 2
haar_y2
-1.430776e-03 0 -1
-6.825515e-01 5.629026e-01 
1
2
3 3 18 6 0 -1
9 3 6 6 0 3
haar_x3
8.574796e-02 0 -1
-4.879772e-01 6.616380e-01 
1
2
10 10 4 4 0 -1
10 12 4 2 0 2
haar_y2
-1.222667e-03 0 -1
-9.800220e-01 2.806754e-01 
1
2
8 10 8 4 0 -1
8 12 8 2 0 2
haar_y2
1.086132e-03 0 -1
2.879914e-01 -7.717394e-01 
1
2
2 7 6 8 0 -1
4 7 2 8 0 3
haar_x3
-2.272140e-02 0 -1
6.309559e-01 -3.690791e-01 
1
2
18 8 6 9 0 -1
20 8 2 9 0 3
haar_x3
6.101203e-02 0 -1
-2.118000e-01 8.620798e-01 
1
2
0 4 24 6 0 -1
0 7 24 3 0 2
haar_y2
5.590304e-02 0 -1
-7.872159e-01 3.198679e-01 
1
2
18 9 6 5 0 -1
20 9 2 5 0 3
haar_x3
-2.121099e-02 0 -1
7.368904e-01 -2.843048e-01 
1
2
10 10 4 6 0 -1
10 13 4 3 0 2
haar_y2
-2.204005e-03 0 -1
-9.239845e-01 3.042707e-01 
-1.764268e+00

3
-1
