13
1
2
1 5 9 5 0 -1
4 5 3 5 0 3
haar_x3
-2.336684e-02 0 -1
5.766583e-01 -4.656493e-01 
1
2
11 13 2 4 0 -1
11 15 2 2 0 2
haar_y2
-5.309897e-04 0 -1
-8.083164e-01 2.911457e-01 
1
2
7 4 9 3 0 -1
7 5 9 1 0 3
haar_y3
7.409624e-03 0 -1
-3.334381e-01 7.887743e-01 
1
2
0 5 24 9 0 -1
0 8 24 3 0 3
haar_y3
3.702567e-02 0 -1
-6.977147e-01 3.300131e-01 
1
2
5 4 14 1 0 -1
12 4 7 1 0 2
haar_x2
1.783461e-03 0 -1
1.683975e-01 -7.429389e-01 
1
2
3 4 20 1 0 -1
3 4 10 1 0 2
haar_x2
-1.001677e-02 0 -1
-9.162598e-01 5.722952e-02 
1
2
1 4 20 1 0 -1
11 4 10 1 0 2
haar_x2
-1.441820e-03 0 -1
-6.787593e-01 3.335329e-01 
1
2
11 4 13 8 0 -1
11 8 13 4 0 2
haar_y2
2.167420e-02 0 -1
-6.228282e-01 5.621621e-02 
1
2
0 5 15 9 0 -1
0 8 15 3 0 3
haar_y3
6.208827e-02 0 -1
1.908930e-01 -8.150685e-01 
1
2
2 12 20 2 0 -1
2 13 20 1 0 2
haar_y2
4.187638e-04 0 -1
1.786122e-01 -7.612622e-01 
1
2
2 11 3 4 0 -1
3 11 1 4 0 3
haar_x3
8.652543e-03 0 -1
-2.238289e-01 7.933220e-01 
1
2
21 8 3 8 0 -1
22 8 1 8 0 3
haar_x3
1.138905e-02 0 -1
-1.658443e-01 7.261074e-01 
1
2
7 10 9 6 0 -1
7 12 9 2 0 3
haar_y3
-1.920355e-03 0 -1
-9.412377e-01 1.898166e-01 
-1.504658e+00

8
-1
