7
1
2
1 4 9 6 0 -1
4 4 3 6 0 3
haar_x3
-1.133091e-02 0 -1
6.669312e-01 -6.782122e-01 
1
2
6 8 15 1 0 -1
11 8 5 1 0 3
haar_x3
-1.402171e-05 0 -1
3.602669e-01 -2.420269e-01 
1
2
0 18 8 2 0 -1
4 18 4 2 0 2
haar_x2
5.429298e-04 0 -1
-6.850349e-01 4.579766e-01 
1
2
1 8 22 6 0 -1
1 10 22 2 0 3
haar_y3
1.846130e-03 0 -1
-9.850388e-01 2.200297e-01 
1
2
11 5 2 6 0 -1
11 8 2 3 0 2
haar_y2
-1.360796e-05 0 -1
4.037642e-01 -6.966760e-01 
1
2
0 0 24 16 0 -1
0 8 24 8 0 2
haar_y2
1.930395e-01 0 -1
-9.043145e-01 2.323663e-01 
1
2
1 4 14 20 0 -1
1 14 14 10 0 2
haar_y2
-1.970823e-02 0 -1
1.638780e-01 -9.751784e-01 
-5.852357e-01

9
-1
