6
1
2
9 3 6 15 0 -1
11 8 2 5 0 9
haar_point
9.409902e-03 0 -1
5.305798e-01 -7.210655e-01 
1
3
13 4 4 4 0 -1
15 4 2 2 0 2
13 6 2 2 0 2
haar_x2_y2
-5.384806e-03 0 -1
6.963898e-01 -2.166688e-01 
1
3
7 4 4 4 0 -1
7 4 2 2 0 2
9 6 2 2 0 2
haar_x2_y2
-6.024238e-03 0 -1
1.000000e+00 -2.319132e-01 
1
2
11 3 8 1 0 -1
11 3 4 1 0 2
haar_x2
2.628912e-04 0 -1
3.935191e-01 -3.759081e-01 
1
3
2 1 12 22 0 -1
2 1 6 11 0 2
8 12 6 11 0 2
haar_x2_y2
4.442595e-02 0 -1
2.478578e-01 -8.987942e-01 
1
3
4 0 16 18 0 -1
12 0 8 9 0 2
4 9 8 9 0 2
haar_x2_y2
5.909051e-02 0 -1
2.479109e-01 -8.135367e-01 
-1.049787e+00

9
-1
