7
1
2
7 7 8 3 0 -1
9 7 4 3 0 2
haar_x4
-5.687097e-03 0 -1
1.000000e+00 -4.538804e-01 
1
3
20 18 4 6 0 -1
22 18 2 3 0 2
20 21 2 3 0 2
haar_x2_y2
-8.773356e-04 0 -1
3.842991e-01 -5.445677e-02 
1
2
7 9 2 4 0 -1
7 11 2 2 0 2
haar_y2
1.752590e-04 0 -1
6.957092e-01 -6.098657e-01 
1
2
15 18 9 1 0 -1
18 18 3 1 0 3
haar_x3
1.360191e-03 0 -1
-1.186576e-01 4.202434e-01 
1
2
0 18 9 1 0 -1
3 18 3 1 0 3
haar_x3
-4.820053e-03 0 -1
-6.419371e-01 6.319481e-01 
1
2
23 2 1 3 0 -1
23 3 1 1 0 3
haar_y3
1.859210e-03 0 -1
1.286372e-01 -9.419299e-01 
1
2
1 21 6 1 0 -1
3 21 2 1 0 3
haar_x3
-1.327329e-04 0 -1
-4.968832e-01 8.412028e-01 
-9.731585e-01

11
-1
