23
1
2
0 4 23 6 0 -1
0 7 23 3 0 2
haar_y2
3.986153e-02 0 -1
-9.712986e-01 5.920495e-01 
1
2
11 4 3 6 0 -1
11 7 3 3 0 2
haar_y2
-1.780381e-05 0 -1
6.636289e-01 -8.428086e-01 
1
2
0 12 17 6 0 -1
0 14 17 2 0 3
haar_y3
2.464927e-03 0 -1
-9.389397e-01 3.540758e-01 
1
2
6 9 18 6 0 -1
6 11 18 2 0 3
haar_y3
2.728827e-05 0 -1
-9.573284e-01 2.071357e-01 
1
3
2 10 12 8 0 -1
2 10 6 4 0 2
8 14 6 4 0 2
haar_x2_y2
5.161630e-04 0 -1
-9.681697e-01 2.101971e-01 
1
2
14 4 9 6 0 -1
17 4 3 6 0 3
haar_x3
-1.117561e-02 0 -1
3.853042e-01 -8.686473e-01 
1
2
0 9 19 6 0 -1
0 11 19 2 0 3
haar_y3
8.189042e-05 0 -1
-9.809354e-01 3.262384e-01 
1
2
0 5 24 9 0 -1
0 8 24 3 0 3
haar_y3
2.968740e-03 0 -1
-9.908613e-01 -1.408591e-04 
1
2
2 11 20 6 0 -1
2 13 20 2 0 3
haar_y3
2.356754e-05 0 -1
-9.896833e-01 9.358200e-02 
1
2
2 8 21 6 0 -1
2 10 21 2 0 3
haar_y3
2.533579e-04 0 -1
-9.765984e-01 2.231343e-02 
1
2
0 4 14 6 0 -1
0 7 14 3 0 2
haar_y2
2.920177e-03 0 -1
-9.996846e-01 8.416755e-02 
1
2
12 2 12 7 0 -1
16 2 4 7 0 3
haar_x3
-3.303405e-05 0 -1
-1.271315e-02 -8.340832e-01 
1
2
1 8 7 6 0 -1
1 10 7 2 0 3
haar_y3
1.201555e-04 0 -1
-9.596557e-01 3.936841e-01 
1
2
15 7 6 5 0 -1
17 7 2 5 0 3
haar_x3
-1.914227e-02 0 -1
7.199499e-01 -6.812910e-01 
1
2
1 4 21 20 0 -1
1 14 21 10 0 2
haar_y2
-3.712475e-03 0 -1
4.899465e-01 -9.932571e-01 
1
2
21 5 2 8 0 -1
21 5 1 8 0 2
haar_x2
9.303671e-03 0 -1
-3.204938e-01 7.054055e-01 
1
2
1 4 9 5 0 -1
4 4 3 5 0 3
haar_x3
-9.871994e-04 0 -1
4.519921e-01 -7.569323e-01 
1
2
18 10 6 3 0 -1
18 10 3 3 0 2
haar_x2
1.916634e-02 0 -1
-4.941741e-01 7.426200e-01 
1
3
0 13 14 2 0 -1
0 13 7 1 0 2
7 14 7 1 0 2
haar_x2_y2
1.436116e-05 0 -1
-8.562432e-01 4.712278e-01 
1
2
16 0 8 9 0 -1
16 3 8 3 0 3
haar_y3
-3.539602e-03 0 -1
2.658170e-01 -9.008954e-01 
1
2
0 8 9 2 0 -1
0 9 9 1 0 2
haar_y2
5.697454e-05 0 -1
-9.440081e-01 2.341177e-01 
1
2
5 4 15 1 0 -1
10 4 5 1 0 3
haar_x3
-2.257418e-05 0 -1
3.959166e-01 -7.251746e-01 
1
2
0 0 8 9 0 -1
0 3 8 3 0 3
haar_y3
-3.269178e-04 0 -1
3.664482e-01 -9.115748e-01 
-2.085392e+00

4
-1
