6
1
3
1 4 14 8 0 -1
1 4 7 4 0 2
8 8 7 4 0 2
haar_x2_y2
-2.417548e-02 0 -1
6.895648e-01 -7.542456e-01 
1
2
2 3 21 17 0 -1
9 3 7 17 0 3
haar_x3
1.954125e-01 0 -1
-4.647224e-01 7.241513e-01 
1
2
1 12 22 4 0 -1
1 14 22 2 0 2
haar_y2
-5.720506e-04 0 -1
3.674748e-01 -9.717367e-01 
1
2
14 6 9 4 0 -1
17 6 3 4 0 3
haar_x3
-1.376914e-02 0 -1
6.064720e-01 -6.295458e-01 
1
2
1 6 9 4 0 -1
4 6 3 4 0 3
haar_x3
-8.591777e-03 0 -1
5.463631e-01 -5.266542e-01 
1
3
11 13 12 4 0 -1
17 13 6 2 0 2
11 15 6 2 0 2
haar_x2_y2
1.382443e-03 0 -1
-6.304573e-01 3.422463e-01 
-1.665447e+00

2
-1
