18
1
2
10 4 3 6 0 -1
10 7 3 3 0 2
haar_y2
-2.070814e-05 0 -1
7.503666e-01 -6.297791e-01 
1
2
14 18 10 1 0 -1
14 18 5 1 0 2
haar_x2
1.616362e-05 0 -1
-6.882239e-01 4.314594e-01 
1
2
0 18 10 1 0 -1
5 18 5 1 0 2
haar_x2
1.643917e-05 0 -1
-8.494562e-01 3.460686e-01 
1
2
14 5 9 12 0 -1
17 5 3 12 0 3
haar_x3
-4.792340e-02 0 -1
6.521144e-01 -7.061321e-01 
1
2
1 0 11 20 0 -1
1 10 11 10 0 2
haar_y2
1.607839e-03 0 -1
-9.518325e-01 3.180329e-01 
1
2
9 10 14 6 0 -1
9 12 14 2 0 3
haar_y3
3.729230e-05 0 -1
-9.375480e-01 5.967549e-02 
1
2
6 11 12 1 0 -1
10 11 4 1 0 3
haar_x3
-2.232052e-05 0 -1
3.259221e-01 -7.863507e-01 
1
2
1 9 22 4 0 -1
1 10 22 2 0 2
haar_y4
1.064091e-04 0 -1
-9.275302e-01 2.469928e-01 
1
2
1 6 9 3 0 -1
4 7 3 1 0 9
haar_point
-3.882807e-03 0 -1
2.229905e-01 -7.864982e-01 
1
2
0 8 24 12 0 -1
0 12 24 4 0 3
haar_y3
6.887187e-02 0 -1
-9.505334e-01 1.881258e-01 
1
2
1 10 13 6 0 -1
1 12 13 2 0 3
haar_y3
1.566580e-05 0 -1
-9.259432e-01 9.883434e-02 
1
2
7 4 17 9 0 -1
7 7 17 3 0 3
haar_y3
1.169656e-03 0 -1
-7.925388e-01 4.677292e-02 
1
2
1 6 6 6 0 -1
1 8 6 2 0 3
haar_y3
4.735366e-04 0 -1
-7.799081e-01 2.218211e-01 
1
2
18 8 6 9 0 -1
20 8 2 9 0 3
haar_x3
-1.969906e-02 0 -1
6.580685e-01 -5.281945e-01 
1
2
1 8 6 6 0 -1
1 10 6 2 0 3
haar_y3
3.312840e-05 0 -1
-9.307660e-01 3.497743e-01 
1
2
10 8 9 12 0 -1
13 12 3 4 0 9
haar_point
-4.711548e-05 0 -1
4.245552e-01 -5.474641e-01 
1
2
0 11 23 8 0 -1
0 13 23 4 0 2
haar_y4
4.880955e-03 0 -1
-9.000777e-01 3.295046e-01 
1
2
7 11 11 6 0 -1
7 14 11 3 0 2
haar_y2
-1.387798e-05 0 -1
1.418468e-01 -8.217540e-01 
-1.281002e+00

6
-1
