11
1
2
11 4 2 6 0 -1
11 7 2 3 0 2
haar_y2
-3.683346e-05 0 -1
4.900365e-01 -5.608754e-01 
1
2
1 3 22 12 0 -1
1 7 22 4 0 3
haar_y3
4.493686e-02 0 -1
-8.086013e-01 2.837234e-01 
1
2
7 9 9 6 0 -1
7 11 9 2 0 3
haar_y3
-2.184734e-03 0 -1
-9.742622e-01 2.304949e-01 
1
2
14 18 10 1 0 -1
14 18 5 1 0 2
haar_x2
2.843424e-04 0 -1
-6.445669e-01 1.567249e-01 
1
2
4 2 16 4 0 -1
12 2 8 4 0 2
haar_x2
1.972031e-02 0 -1
2.194041e-01 -9.359405e-01 
1
2
14 18 10 1 0 -1
14 18 5 1 0 2
haar_x2
-3.014416e-03 0 -1
-4.903646e-01 -1.760568e-02 
1
2
0 18 10 1 0 -1
5 18 5 1 0 2
haar_x2
3.345168e-04 0 -1
-6.451144e-01 3.340895e-01 
1
3
8 7 16 6 0 -1
16 7 8 3 0 2
8 10 8 3 0 2
haar_x2_y2
3.799393e-03 0 -1
1.601493e-01 -8.623109e-01 
1
2
1 8 6 6 0 -1
1 10 6 2 0 3
haar_y3
1.096602e-03 0 -1
-8.455474e-01 2.068829e-01 
1
2
14 5 9 14 0 -1
17 5 3 14 0 3
haar_x3
-5.388880e-02 0 -1
6.374003e-01 -4.261229e-01 
1
3
0 10 22 6 0 -1
0 10 11 3 0 2
11 13 11 3 0 2
haar_x2_y2
2.053725e-02 0 -1
2.308026e-01 -9.004580e-01 
-1.358294e+00

4
-1
