7
1
2
1 8 22 6 0 -1
1 10 22 2 0 3
haar_y3
1.563192e-03 0 -1
-9.701287e-01 3.983679e-01 
1
2
17 7 6 11 0 -1
19 7 2 11 0 3
haar_x3
-4.008973e-02 0 -1
8.789558e-01 -5.540260e-01 
1
2
0 9 23 9 0 -1
0 12 23 3 0 3
haar_y3
2.683238e-02 0 -1
-9.520903e-01 5.176646e-01 
1
2
1 3 23 12 0 -1
1 7 23 4 0 3
haar_y3
5.903998e-02 0 -1
-8.902938e-01 2.653012e-01 
1
3
1 13 14 4 0 -1
1 13 7 2 0 2
8 15 7 2 0 2
haar_x2_y2
5.203405e-04 0 -1
-9.407868e-01 2.476744e-01 
1
2
0 13 24 8 0 -1
0 17 24 4 0 2
haar_y2
-8.447798e-02 0 -1
1.244402e-01 -9.766633e-01 
1
2
0 9 23 6 0 -1
0 11 23 2 0 3
haar_y3
3.249310e-03 0 -1
-9.529122e-01 2.292571e-01 
-1.152150e+00

2
-1
