10
1
2
10 4 4 16 0 -1
10 8 4 8 0 2
haar_y4
-1.496216e-05 0 -1
6.329008e-01 -5.279416e-01 
1
2
6 4 18 9 0 -1
6 7 18 3 0 3
haar_y3
6.199264e-03 0 -1
-7.399258e-01 3.704625e-01 
1
2
1 7 6 9 0 -1
3 7 2 9 0 3
haar_x3
-3.227872e-02 0 -1
7.507162e-01 -3.946898e-01 
1
2
20 8 4 7 0 -1
20 8 2 7 0 2
haar_x2
2.297506e-02 0 -1
-2.902245e-01 8.160746e-01 
1
2
1 11 13 6 0 -1
1 13 13 2 0 3
haar_y3
3.097001e-04 0 -1
-9.313988e-01 2.701592e-01 
1
2
8 3 16 12 0 -1
8 7 16 4 0 3
haar_y3
1.562643e-04 0 -1
-8.322356e-01 1.120850e-01 
1
2
0 0 24 18 0 -1
0 9 24 9 0 2
haar_y2
1.020870e-01 0 -1
-9.704198e-01 1.698561e-01 
1
2
20 8 4 8 0 -1
20 8 2 8 0 2
haar_x2
5.110861e-02 0 -1
-3.160734e-01 9.098464e-01 
1
2
1 4 14 20 0 -1
1 14 14 10 0 2
haar_y2
-1.433659e-02 0 -1
3.745337e-01 -9.782356e-01 
1
2
0 18 24 1 0 -1
6 18 12 1 0 2
haar_x4
3.668138e-04 0 -1
-9.360897e-01 2.087586e-01 
-1.224632e+00

4
-1
