15
1
3
2 8 12 12 0 -1
2 8 6 6 0 2
8 14 6 6 0 2
haar_x2_y2
4.177754e-04 0 -1
-9.162168e-01 6.097312e-01 
1
2
0 4 24 6 0 -1
0 7 24 3 0 2
haar_y2
5.536109e-02 0 -1
-9.676312e-01 4.506297e-01 
1
2
10 4 4 6 0 -1
10 7 4 3 0 2
haar_y2
-4.401802e-05 0 -1
4.629175e-01 -8.867385e-01 
1
2
1 8 22 16 0 -1
1 16 22 8 0 2
haar_y2
-1.808170e-01 0 -1
3.595833e-01 -9.803032e-01 
1
2
0 12 18 6 0 -1
0 14 18 2 0 3
haar_y3
2.269719e-03 0 -1
-9.270107e-01 1.876315e-01 
1
2
9 10 14 6 0 -1
9 12 14 2 0 3
haar_y3
2.103901e-05 0 -1
-9.536200e-01 1.432264e-01 
1
2
2 7 20 6 0 -1
2 9 20 2 0 3
haar_y3
2.444966e-05 0 -1
-9.730846e-01 1.673148e-01 
1
2
15 10 8 6 0 -1
15 12 8 2 0 3
haar_y3
2.357396e-05 0 -1
-9.305731e-01 3.815745e-02 
1
2
1 9 12 6 0 -1
1 11 12 2 0 3
haar_y3
1.564232e-05 0 -1
-9.693015e-01 2.391269e-01 
1
2
14 7 9 11 0 -1
17 7 3 11 0 3
haar_x3
-3.262635e-02 0 -1
7.568986e-01 -7.930585e-01 
1
2
2 10 5 6 0 -1
2 12 5 2 0 3
haar_y3
1.766351e-05 0 -1
-9.426736e-01 4.532736e-01 
1
2
14 3 9 6 0 -1
17 5 3 2 0 9
haar_point
-1.177850e-03 0 -1
1.605789e-01 -9.003344e-01 
1
2
1 9 10 4 0 -1
1 10 10 2 0 2
haar_y4
1.371025e-05 0 -1
-9.320890e-01 2.889501e-01 
1
2
14 3 9 6 0 -1
17 5 3 2 0 9
haar_point
9.439228e-04 0 -1
-5.341175e-01 4.184913e-01 
1
2
1 3 9 6 0 -1
4 5 3 2 0 9
haar_point
-8.978458e-04 0 -1
5.149723e-01 -9.405150e-01 
-1.335115e+00

3
-1
