6
1
3
1 4 14 8 0 -1
1 4 7 4 0 2
8 8 7 4 0 2
haar_x2_y2
-2.507587e-02 0 -1
5.844283e-01 -7.212616e-01 
1
2
0 4 24 6 0 -1
0 7 24 3 0 2
haar_y2
5.467989e-02 0 -1
-8.819086e-01 4.004987e-01 
1
2
1 4 9 7 0 -1
4 4 3 7 0 3
haar_x3
-2.419334e-02 0 -1
6.470780e-01 -5.292805e-01 
1
2
10 9 4 8 0 -1
10 13 4 4 0 2
haar_y2
-3.003895e-03 0 -1
-8.371701e-01 4.135819e-01 
1
2
0 3 21 17 0 -1
7 3 7 17 0 3
haar_x3
1.741273e-01 0 -1
-5.169700e-01 5.551332e-01 
1
2
0 10 24 6 0 -1
8 10 8 6 0 3
haar_x3
-1.599174e-01 0 -1
8.722650e-01 -3.413834e-01 
-1.473464e+00

1
-1
