18
1
2
10 4 3 6 0 -1
10 7 3 3 0 2
haar_y2
-2.070814e-05 0 -1
7.453421e-01 -6.201026e-01 
1
2
4 12 20 6 0 -1
4 14 20 2 0 3
haar_y3
2.706439e-05 0 -1
-8.041855e-01 3.714089e-01 
1
2
1 8 9 12 0 -1
4 8 3 12 0 3
haar_x3
-3.057738e-02 0 -1
6.430640e-01 -5.779217e-01 
1
2
16 18 8 2 0 -1
16 18 4 2 0 2
haar_x2
1.569525e-05 0 -1
-6.225681e-01 4.148414e-01 
1
2
0 17 8 2 0 -1
4 17 4 2 0 2
haar_x2
4.128841e-04 0 -1
-8.722037e-01 3.510860e-01 
1
2
19 15 5 9 0 -1
19 18 5 3 0 3
haar_y3
-1.508807e-05 0 -1
9.642103e-02 -8.008320e-01 
1
2
0 0 8 20 0 -1
0 10 8 10 0 2
haar_y2
1.515637e-04 0 -1
-8.793451e-01 2.654744e-01 
1
2
18 10 6 4 0 -1
20 10 2 4 0 3
haar_x3
2.569464e-02 0 -1
-4.745461e-01 6.971807e-01 
1
2
0 4 21 4 0 -1
0 6 21 2 0 2
haar_y2
4.559667e-04 0 -1
-9.777597e-01 3.215050e-01 
1
2
3 12 18 2 0 -1
3 13 18 1 0 2
haar_y2
-1.386267e-05 0 -1
1.782547e-01 -9.277723e-01 
1
2
0 16 5 6 0 -1
0 18 5 2 0 3
haar_y3
-7.213993e-04 0 -1
2.713304e-01 -8.075571e-01 
1
2
9 5 6 7 0 -1
11 5 2 7 0 3
haar_x3
-2.211061e-05 0 -1
3.795040e-01 -6.301084e-01 
1
3
1 0 22 14 0 -1
1 0 11 7 0 2
12 7 11 7 0 2
haar_x2_y2
2.986780e-03 0 -1
-4.071495e-01 4.987274e-01 
1
2
11 3 12 6 0 -1
15 3 4 6 0 3
haar_x3
-4.350936e-03 0 -1
4.655496e-01 -5.772169e-01 
1
2
1 6 6 7 0 -1
3 6 2 7 0 3
haar_x3
3.404444e-02 0 -1
-2.781833e-01 8.461344e-01 
1
2
9 14 15 2 0 -1
9 15 15 1 0 2
haar_y2
-8.639421e-05 0 -1
2.227247e-01 -7.731834e-01 
1
2
1 12 6 3 0 -1
3 12 2 3 0 3
haar_x3
-1.860625e-02 0 -1
8.778809e-01 -3.776700e-01 
1
3
9 3 10 12 0 -1
14 3 5 6 0 2
9 9 5 6 0 2
haar_x2_y2
7.232433e-03 0 -1
2.272082e-01 -9.622990e-01 
-2.100836e+00

7
-1
