13
1
2
8 5 8 4 0 -1
8 7 8 2 0 2
haar_y2
-4.499080e-05 0 -1
5.496064e-01 -5.029466e-01 
1
2
12 5 6 9 0 -1
14 5 2 9 0 3
haar_x3
2.255946e-02 0 -1
-3.501492e-01 5.744027e-01 
1
2
1 7 3 9 0 -1
2 7 1 9 0 3
haar_x3
1.100608e-02 0 -1
-2.727484e-01 7.665614e-01 
1
2
16 18 8 1 0 -1
16 18 4 1 0 2
haar_x2
1.453681e-05 0 -1
-5.251485e-01 2.696632e-01 
1
2
1 6 5 6 0 -1
1 8 5 2 0 3
haar_y3
6.681817e-04 0 -1
-6.440967e-01 3.027043e-01 
1
2
2 4 20 6 0 -1
2 4 10 6 0 2
haar_x2
4.680026e-02 0 -1
2.121269e-01 -8.739693e-01 
1
2
0 18 8 1 0 -1
4 18 4 1 0 2
haar_x2
1.953712e-04 0 -1
-6.264240e-01 2.740540e-01 
1
2
5 2 15 2 0 -1
10 2 5 2 0 3
haar_x3
1.123552e-03 0 -1
3.216608e-01 -4.820658e-01 
1
2
8 11 3 2 0 -1
8 12 3 1 0 2
haar_y2
3.919535e-04 0 -1
1.815526e-01 -8.573753e-01 
1
2
16 12 8 8 0 -1
16 16 8 4 0 2
haar_y2
-8.915083e-02 0 -1
-5.731567e-01 5.205647e-02 
1
2
1 0 5 24 0 -1
1 12 5 12 0 2
haar_y2
4.024810e-02 0 -1
2.207345e-01 -6.637231e-01 
1
2
9 2 15 4 0 -1
14 2 5 4 0 3
haar_x3
1.154984e-02 0 -1
8.198663e-02 -7.262745e-01 
1
2
0 2 15 4 0 -1
5 2 5 4 0 3
haar_x3
2.173960e-02 0 -1
1.725224e-01 -8.369775e-01 
-1.687788e+00

9
-1
