6
1
2
0 3 8 10 0 -1
0 8 8 5 0 2
haar_y2
4.198066e-02 0 -1
-9.189066e-01 5.272247e-01 
1
2
14 5 9 5 0 -1
17 5 3 5 0 3
haar_x3
-1.960899e-02 0 -1
6.799622e-01 -6.401747e-01 
1
3
1 13 12 6 0 -1
1 13 6 3 0 2
7 16 6 3 0 2
haar_x2_y2
1.351160e-02 0 -1
-5.883275e-01 5.551731e-01 
1
2
0 3 24 16 0 -1
8 3 8 16 0 3
haar_x3
2.463359e-01 0 -1
-4.586393e-01 7.878383e-01 
1
2
0 8 23 16 0 -1
0 16 23 8 0 2
haar_y2
-1.937678e-01 0 -1
3.782918e-01 -9.069296e-01 
1
2
0 8 24 5 0 -1
8 8 8 5 0 3
haar_x3
-1.271733e-01 0 -1
8.206767e-01 -4.777534e-01 
-1.459032e+00

0
-1
