9
1
3
0 5 16 8 0 -1
0 5 8 4 0 2
8 9 8 4 0 2
haar_x2_y2
-8.763820e-03 0 -1
6.000113e-01 -8.959770e-01 
1
2
0 4 24 16 0 -1
8 4 8 16 0 3
haar_x3
2.959263e-01 0 -1
-5.108705e-01 7.395868e-01 
1
2
10 7 6 9 0 -1
12 9 2 9 0 3
tilted_haar_x3
-1.736123e-05 0 -1
5.393909e-01 -8.179998e-01 
1
2
2 11 22 9 0 -1
2 14 22 3 0 3
haar_y3
4.132312e-05 0 -1
-8.860183e-01 2.899884e-01 
1
2
6 5 9 4 0 -1
6 7 9 2 0 2
haar_y2
-1.500416e-05 0 -1
6.093376e-01 -6.151264e-01 
1
2
10 3 12 12 0 -1
10 7 12 4 0 3
haar_y3
2.727233e-03 0 -1
-8.705091e-01 3.137723e-01 
1
2
1 3 13 12 0 -1
1 7 13 4 0 3
haar_y3
4.078661e-03 0 -1
-9.429841e-01 1.825561e-01 
1
2
12 0 1 12 0 -1
8 4 1 4 0 3
tilted_haar_x3
-1.598938e-03 0 -1
-4.947354e-02 -6.146222e-01 
1
2
10 0 6 8 0 -1
10 0 6 4 0 2
tilted_haar_y2
-2.562988e-05 0 -1
3.256454e-01 -9.168150e-01 
-1.465778e+00

6
-1
