21
1
2
1 10 6 5 0 -1
3 10 2 5 0 3
haar_x3
-1.002509e-02 0 -1
9.450544e-01 -4.745501e-01 
1
2
12 3 6 9 0 -1
14 3 2 9 0 3
haar_x3
1.720826e-02 0 -1
-3.133542e-01 7.321205e-01 
1
2
0 18 16 1 0 -1
8 18 8 1 0 2
haar_x2
2.572246e-04 0 -1
-8.115315e-01 4.097252e-01 
1
2
17 2 4 16 0 -1
17 2 2 16 0 2
haar_x2
-3.073829e-04 0 -1
2.583362e-01 -6.835824e-01 
1
2
1 1 9 8 0 -1
4 1 3 8 0 3
haar_x3
-7.369283e-04 0 -1
7.118490e-01 -6.425519e-01 
1
2
20 12 2 3 0 -1
20 12 1 3 0 2
haar_x2
-2.380593e-03 0 -1
5.745256e-01 -2.883927e-01 
1
2
1 7 6 7 0 -1
3 7 2 7 0 3
haar_x3
2.763429e-02 0 -1
-3.839857e-01 9.348288e-01 
1
2
18 8 5 6 0 -1
18 10 5 2 0 3
haar_y3
1.489723e-03 0 -1
-8.516104e-01 3.420483e-01 
1
2
5 13 5 9 0 -1
5 16 5 3 0 3
haar_y3
1.886361e-05 0 -1
-6.866294e-01 7.524551e-01 
1
2
8 12 15 2 0 -1
8 13 15 1 0 2
haar_y2
-5.109392e-05 0 -1
4.675227e-01 -9.134660e-01 
1
2
0 5 7 10 0 -1
0 10 7 5 0 2
haar_y2
3.709899e-03 0 -1
-9.722475e-01 2.916884e-01 
1
2
14 2 4 2 0 -1
14 2 2 2 0 2
haar_x2
-1.383430e-05 0 -1
7.726530e-02 -7.290770e-01 
1
2
0 9 18 6 0 -1
0 11 18 2 0 3
haar_y3
6.826313e-04 0 -1
-9.255744e-01 4.080870e-01 
1
3
12 8 12 10 0 -1
18 8 6 5 0 2
12 13 6 5 0 2
haar_x2_y2
1.578778e-05 0 -1
-7.550963e-01 -1.075594e-03 
1
2
6 0 4 4 0 -1
8 0 2 4 0 2
haar_x2
-1.489049e-05 0 -1
6.901786e-01 -7.016554e-01 
1
2
0 2 24 4 0 -1
8 2 8 4 0 3
haar_x3
1.821312e-04 0 -1
-6.665210e-01 6.456951e-01 
1
2
2 2 9 8 0 -1
5 2 3 8 0 3
haar_x3
-7.179057e-05 0 -1
5.397861e-01 -8.332368e-01 
1
2
14 5 5 9 0 -1
14 8 5 3 0 3
haar_y3
1.816533e-03 0 -1
-4.978429e-01 2.497026e-01 
1
2
5 5 5 9 0 -1
5 8 5 3 0 3
haar_y3
2.290621e-05 0 -1
-7.689994e-01 5.566282e-01 
1
2
7 10 14 14 0 -1
7 10 7 14 0 2
haar_x2
1.030375e-04 0 -1
-6.226756e-01 1.957695e-01 
1
2
4 11 15 2 0 -1
9 11 5 2 0 3
haar_x3
-2.261104e-05 0 -1
6.760623e-01 -9.190567e-01 
-1.523470e+00

10
-1
