8
1
2
9 12 5 6 0 -1
9 15 5 3 0 2
haar_y2
-1.734280e-03 0 -1
-7.944707e-01 5.481549e-01 
1
2
9 1 6 6 0 -1
9 4 6 3 0 2
haar_y2
4.146253e-02 0 -1
-3.627529e-01 7.634981e-01 
1
2
1 6 6 9 0 -1
3 6 2 9 0 3
haar_x3
-5.083250e-02 0 -1
8.613094e-01 -2.287857e-01 
1
2
23 1 1 21 0 -1
23 8 1 7 0 3
haar_y3
1.408766e-02 0 -1
2.548561e-01 -3.091187e-01 
1
2
5 10 10 1 0 -1
10 10 5 1 0 2
haar_x2
-6.142546e-03 0 -1
-8.123020e-01 2.371329e-01 
1
2
4 0 16 14 0 -1
4 0 8 14 0 2
haar_x2
-4.787688e-02 0 -1
-8.291513e-01 2.745010e-01 
1
2
6 4 10 1 0 -1
11 4 5 1 0 2
haar_x2
-1.044085e-03 0 -1
-8.423928e-01 1.924713e-01 
1
2
10 11 4 4 0 -1
10 13 4 2 0 2
haar_y2
-1.534553e-03 0 -1
-9.527885e-01 1.459071e-01 
-1.384793e+00

8
-1
