9
1
2
9 15 5 4 0 -1
9 17 5 2 0 2
haar_y2
-7.519680e-04 0 -1
-6.054507e-01 4.604200e-01 
1
2
12 5 6 8 0 -1
14 5 2 8 0 3
haar_x3
1.763597e-02 0 -1
-4.345177e-01 6.239477e-01 
1
2
3 2 12 1 0 -1
7 2 4 1 0 3
haar_x3
1.528023e-03 0 -1
2.816623e-01 -7.184196e-01 
1
2
10 8 5 8 0 -1
10 12 5 4 0 2
haar_y2
-4.529885e-03 0 -1
-8.818676e-01 1.725804e-01 
1
2
10 3 4 20 0 -1
10 13 4 10 0 2
haar_y2
2.373029e-03 0 -1
2.591343e-01 -7.282436e-01 
1
2
14 5 9 5 0 -1
17 5 3 5 0 3
haar_x3
-2.849280e-02 0 -1
3.901203e-01 -3.486398e-01 
1
3
2 11 20 2 0 -1
2 11 10 1 0 2
12 12 10 1 0 2
haar_x2_y2
1.656691e-03 0 -1
1.747523e-01 -8.065191e-01 
1
2
12 8 11 6 0 -1
12 10 11 2 0 3
haar_y3
2.167903e-03 0 -1
-5.195152e-01 1.499761e-01 
1
2
1 8 11 6 0 -1
1 10 11 2 0 3
haar_y3
3.487394e-04 0 -1
-9.334676e-01 1.536517e-01 
-1.251299e+00

7
-1
