21
1
2
10 4 3 6 0 -1
10 7 3 3 0 2
haar_y2
-2.184772e-05 0 -1
5.782364e-01 -5.867088e-01 
1
2
0 4 24 16 0 -1
8 4 8 16 0 3
haar_x3
2.628937e-01 0 -1
-4.247033e-01 6.096098e-01 
1
2
1 5 9 11 0 -1
4 5 3 11 0 3
haar_x3
-5.850182e-02 0 -1
6.948126e-01 -4.242460e-01 
1
2
0 8 24 12 0 -1
0 12 24 4 0 3
haar_y3
8.000925e-02 0 -1
-8.568448e-01 2.899795e-01 
1
2
0 4 17 9 0 -1
0 7 17 3 0 3
haar_y3
4.535803e-05 0 -1
-8.414432e-01 2.074099e-01 
1
3
10 9 12 10 0 -1
16 9 6 5 0 2
10 14 6 5 0 2
haar_x2_y2
6.261350e-03 0 -1
-8.220359e-01 2.081102e-01 
1
2
1 8 14 6 0 -1
1 10 14 2 0 3
haar_y3
6.638341e-05 0 -1
-9.421749e-01 1.576956e-01 
1
3
10 9 12 10 0 -1
16 9 6 5 0 2
10 14 6 5 0 2
haar_x2_y2
2.652835e-05 0 -1
-8.495125e-01 -2.732980e-02 
1
2
0 9 12 9 0 -1
0 12 12 3 0 3
haar_y3
9.348504e-03 0 -1
-9.611735e-01 2.021561e-01 
1
2
18 9 6 6 0 -1
20 9 2 6 0 3
haar_x3
4.326615e-02 0 -1
-5.541891e-01 8.904086e-01 
1
2
0 0 23 18 0 -1
0 9 23 9 0 2
haar_y2
4.383399e-02 0 -1
-9.962347e-01 4.250172e-01 
1
2
10 4 13 20 0 -1
10 14 13 10 0 2
haar_y2
-2.028052e-03 0 -1
-8.727878e-02 -9.817124e-01 
1
2
3 7 5 6 0 -1
3 9 5 2 0 3
haar_y3
2.123115e-05 0 -1
-9.689649e-01 2.394371e-01 
1
2
1 0 22 9 0 -1
1 3 22 3 0 3
haar_y3
-2.008246e-02 0 -1
1.625044e-01 -9.549392e-01 
1
3
0 12 14 4 0 -1
0 12 7 2 0 2
7 14 7 2 0 2
haar_x2_y2
1.643780e-04 0 -1
-8.886114e-01 3.395195e-01 
1
2
6 12 18 6 0 -1
6 14 18 2 0 3
haar_y3
2.463830e-04 0 -1
-9.099054e-01 1.288843e-01 
1
2
1 9 22 6 0 -1
1 11 22 2 0 3
haar_y3
9.772808e-05 0 -1
-9.901978e-01 1.960911e-01 
1
3
7 4 14 10 0 -1
14 4 7 5 0 2
7 9 7 5 0 2
haar_x2_y2
-2.840211e-05 0 -1
1.384694e-01 -8.801015e-01 
1
3
5 5 12 10 0 -1
5 5 6 5 0 2
11 10 6 5 0 2
haar_x2_y2
-1.695533e-05 0 -1
3.974687e-01 -8.555962e-01 
1
2
16 6 1 10 0 -1
16 11 1 5 0 2
haar_y2
-1.383494e-05 0 -1
2.980771e-01 -4.616268e-01 
1
2
0 8 6 10 0 -1
2 8 2 10 0 3
haar_x3
-2.959569e-02 0 -1
7.844161e-01 -3.367349e-01 
-2.155712e+00

5
-1
