7
1
3
1 4 14 10 0 -1
1 4 7 5 0 2
8 9 7 5 0 2
haar_x2_y2
-2.134853e-02 0 -1
5.975867e-01 -8.042211e-01 
1
2
1 8 23 6 0 -1
1 10 23 2 0 3
haar_y3
1.555910e-03 0 -1
-9.660207e-01 2.913058e-01 
1
2
1 10 6 6 0 -1
3 10 2 6 0 3
haar_x3
-1.982319e-02 0 -1
8.313738e-01 -4.996960e-01 
1
3
9 13 14 4 0 -1
16 13 7 2 0 2
9 15 7 2 0 2
haar_x2_y2
1.798557e-03 0 -1
-7.929143e-01 4.526078e-01 
1
2
1 3 21 16 0 -1
8 3 7 16 0 3
haar_x3
1.727688e-01 0 -1
-6.174777e-01 6.021172e-01 
1
2
5 10 19 6 0 -1
5 12 19 2 0 3
haar_y3
1.328660e-04 0 -1
-8.558552e-01 2.856025e-01 
1
2
2 7 9 5 0 -1
5 7 3 5 0 3
haar_x3
-1.891504e-03 0 -1
4.470837e-01 -8.711769e-01 
-1.429967e+00

2
-1
