12
1
2
8 7 4 2 0 -1
10 7 2 2 0 2
haar_x2
-4.603847e-03 0 -1
8.734061e-01 -3.541331e-01 
1
2
11 3 2 15 0 -1
11 8 2 5 0 3
haar_y3
9.891042e-03 0 -1
3.609876e-01 -7.185125e-01 
1
2
0 8 3 7 0 -1
1 8 1 7 0 3
haar_x3
1.192389e-02 0 -1
-2.817400e-01 8.040025e-01 
1
3
0 1 24 22 0 -1
12 1 12 11 0 2
0 12 12 11 0 2
haar_x2_y2
-7.330263e-02 0 -1
-8.413305e-01 2.267075e-01 
1
3
0 0 18 22 0 -1
0 0 9 11 0 2
9 11 9 11 0 2
haar_x2_y2
-8.413846e-02 0 -1
-8.335149e-01 1.966474e-01 
1
2
20 9 4 2 0 -1
20 9 2 2 0 2
haar_x2
1.236525e-02 0 -1
-2.870001e-01 8.564201e-01 
1
3
0 1 24 12 0 -1
0 1 12 6 0 2
12 7 12 6 0 2
haar_x2_y2
8.238649e-02 0 -1
2.492633e-01 -8.677616e-01 
1
2
1 5 22 4 0 -1
1 7 22 2 0 2
haar_y2
2.266731e-02 0 -1
-7.128404e-01 1.735694e-01 
1
2
0 11 15 2 0 -1
0 12 15 1 0 2
haar_y2
-2.283796e-03 0 -1
-9.069429e-01 1.526372e-01 
1
2
12 0 12 23 0 -1
12 0 6 23 0 2
haar_x2
2.542633e-01 0 -1
3.947477e-02 -7.352653e-01 
1
2
5 12 13 9 0 -1
5 15 13 3 0 3
haar_y3
-5.199758e-03 0 -1
-6.177376e-01 2.334874e-01 
1
2
12 0 12 23 0 -1
12 0 6 23 0 2
haar_x2
2.827587e-01 0 -1
1.584886e-02 -8.036712e-01 
-1.383912e+00

10
-1
