11
1
2
9 13 5 6 0 -1
9 16 5 3 0 2
haar_y2
-1.428377e-03 0 -1
-6.828790e-01 5.427536e-01 
1
2
0 4 24 16 0 -1
8 4 8 16 0 3
haar_x3
2.775703e-01 0 -1
-4.619918e-01 5.840445e-01 
1
2
1 6 6 13 0 -1
3 6 2 13 0 3
haar_x3
-5.255342e-02 0 -1
7.484517e-01 -3.117811e-01 
1
2
18 8 6 5 0 -1
20 8 2 5 0 3
haar_x3
2.412516e-02 0 -1
-3.472941e-01 7.829097e-01 
1
2
0 0 9 9 0 -1
0 3 9 3 0 3
haar_y3
-6.573406e-03 0 -1
2.951262e-01 -8.658413e-01 
1
2
0 14 24 6 0 -1
0 17 24 3 0 2
haar_y2
-6.810679e-02 0 -1
2.629075e-01 -6.684418e-01 
1
2
0 5 6 9 0 -1
2 5 2 9 0 3
haar_x3
4.648477e-02 0 -1
-2.668512e-01 8.239948e-01 
1
2
8 11 16 6 0 -1
8 13 16 2 0 3
haar_y3
4.418587e-04 0 -1
-7.172279e-01 1.959916e-01 
1
2
1 9 3 4 0 -1
2 9 1 4 0 3
haar_x3
-6.940457e-03 0 -1
7.320912e-01 -3.105198e-01 
1
2
16 11 7 6 0 -1
16 13 7 2 0 3
haar_y3
2.908319e-04 0 -1
-4.021526e-01 1.110329e-01 
1
2
0 11 16 6 0 -1
0 13 16 2 0 3
haar_y3
9.441213e-04 0 -1
-8.595300e-01 1.997159e-01 
-1.696912e+00

5
-1
