17
1
2
9 14 5 4 0 -1
9 16 5 2 0 2
haar_y2
-1.335929e-03 0 -1
-7.525303e-01 4.776395e-01 
1
2
8 11 16 9 0 -1
8 14 16 3 0 3
haar_y3
2.490480e-03 0 -1
-7.176434e-01 2.618558e-01 
1
2
1 7 6 9 0 -1
3 7 2 9 0 3
haar_x3
-3.547154e-02 0 -1
8.484892e-01 -4.318309e-01 
1
2
20 8 4 6 0 -1
20 8 2 6 0 2
haar_x2
2.306037e-02 0 -1
-2.605306e-01 7.433689e-01 
1
2
0 10 15 9 0 -1
0 13 15 3 0 3
haar_y3
1.536860e-02 0 -1
-8.901098e-01 3.365340e-01 
1
2
1 1 22 15 0 -1
1 6 22 5 0 3
haar_y3
3.670949e-02 0 -1
-8.925183e-01 2.668317e-01 
1
2
1 7 6 7 0 -1
3 7 2 7 0 3
haar_x3
3.193122e-02 0 -1
-7.013975e-01 8.244756e-01 
1
2
1 10 22 6 0 -1
1 12 22 2 0 3
haar_y3
1.704715e-04 0 -1
-9.972154e-01 5.061374e-01 
1
2
0 1 7 9 0 -1
0 4 7 3 0 3
haar_y3
-6.452010e-03 0 -1
5.365598e-02 -9.878213e-01 
1
2
13 8 10 6 0 -1
13 10 10 2 0 3
haar_y3
4.384544e-04 0 -1
-9.590628e-01 2.450846e-01 
1
2
0 8 11 6 0 -1
0 10 11 2 0 3
haar_y3
8.899608e-04 0 -1
-9.940479e-01 1.950076e-02 
1
2
8 4 15 20 0 -1
8 14 15 10 0 2
haar_y2
-2.617349e-03 0 -1
6.259737e-02 -9.903120e-01 
1
2
0 18 16 1 0 -1
8 18 8 1 0 2
haar_x2
1.589518e-05 0 -1
-9.119487e-01 3.368575e-01 
1
3
6 7 12 10 0 -1
12 7 6 5 0 2
6 12 6 5 0 2
haar_x2_y2
2.388303e-05 0 -1
-9.461761e-01 3.709037e-01 
1
2
1 4 15 20 0 -1
1 14 15 10 0 2
haar_y2
-1.326769e-02 0 -1
2.545417e-01 -9.963761e-01 
1
2
1 0 23 18 0 -1
1 9 23 9 0 2
haar_y2
3.199309e-02 0 -1
-9.990736e-01 2.429113e-02 
1
2
0 10 15 6 0 -1
0 12 15 2 0 3
haar_y3
3.754900e-04 0 -1
-9.966080e-01 5.779558e-02 
-1.962855e+00

5
-1
