11
1
2
5 7 6 1 0 -1
7 7 2 1 0 3
haar_x3
3.009303e-03 0 -1
-3.857733e-01 9.095457e-01 
1
2
8 18 14 1 0 -1
8 18 7 1 0 2
haar_x2
-7.343222e-04 0 -1
-4.746659e-01 1.894039e-01 
1
2
2 3 20 5 0 -1
12 3 10 5 0 2
haar_x2
-1.259902e-02 0 -1
-7.232314e-01 4.572668e-01 
1
3
10 8 8 6 0 -1
14 8 4 3 0 2
10 11 4 3 0 2
haar_x2_y2
-8.002722e-04 0 -1
-5.877156e-01 3.092077e-01 
1
2
1 13 2 9 0 -1
1 16 2 3 0 3
haar_y3
-5.657686e-03 0 -1
5.486436e-01 -4.763422e-01 
1
3
8 13 14 2 0 -1
15 13 7 1 0 2
8 14 7 1 0 2
haar_x2_y2
2.740600e-03 0 -1
1.736926e-01 -4.492929e-01 
1
2
1 5 22 9 0 -1
1 8 22 3 0 3
haar_y3
3.362335e-02 0 -1
-6.948561e-01 4.065100e-01 
1
2
16 3 6 1 0 -1
18 3 2 1 0 3
haar_x3
3.745964e-04 0 -1
-1.928851e-01 9.236807e-01 
1
2
1 2 9 2 0 -1
4 2 3 2 0 3
haar_x3
-3.509573e-04 0 -1
-5.064089e-01 5.740294e-01 
1
2
12 13 3 6 0 -1
12 15 3 2 0 3
haar_y3
5.001395e-03 0 -1
1.643355e-01 -3.301246e-01 
1
2
9 13 3 6 0 -1
9 15 3 2 0 3
haar_y3
-3.153741e-04 0 -1
1.000000e+00 -2.647963e-01 
-1.672685e+00

12
-1
