20
1
2
7 3 9 11 0 -1
10 3 3 11 0 3
haar_x3
-2.338712e-05 0 -1
6.095387e-01 -6.835954e-01 
1
2
0 3 24 11 0 -1
8 3 8 11 0 3
haar_x3
1.482411e-01 0 -1
-4.679677e-01 6.916004e-01 
1
2
8 5 8 4 0 -1
8 7 8 2 0 2
haar_y2
-1.359971e-05 0 -1
6.674900e-01 -6.581117e-01 
1
2
6 12 18 6 0 -1
6 14 18 2 0 3
haar_y3
3.905245e-05 0 -1
-7.623071e-01 2.443381e-01 
1
2
0 14 5 9 0 -1
0 17 5 3 0 3
haar_y3
-1.097677e-02 0 -1
2.507553e-01 -7.760016e-01 
1
2
17 9 6 7 0 -1
19 9 2 7 0 3
haar_x3
-2.827957e-02 0 -1
8.922218e-01 -3.491022e-01 
1
2
2 3 15 12 0 -1
2 7 15 4 0 3
haar_y3
5.475354e-04 0 -1
-8.052796e-01 3.140551e-01 
1
2
17 9 6 6 0 -1
19 9 2 6 0 3
haar_x3
2.678360e-02 0 -1
-4.471804e-01 7.129871e-01 
1
2
1 1 21 18 0 -1
1 10 21 9 0 2
haar_y2
2.717013e-03 0 -1
-9.782047e-01 2.484828e-01 
1
2
17 9 6 6 0 -1
19 9 2 6 0 3
haar_x3
-4.662781e-03 0 -1
3.518787e-01 -5.912886e-01 
1
2
1 7 22 2 0 -1
1 8 22 1 0 2
haar_y2
8.243471e-05 0 -1
-9.769819e-01 3.334340e-01 
1
2
17 9 6 6 0 -1
19 9 2 6 0 3
haar_x3
6.289531e-03 0 -1
-6.471121e-01 3.568154e-01 
1
2
0 11 17 6 0 -1
0 13 17 2 0 3
haar_y3
7.403267e-04 0 -1
-9.711565e-01 2.723339e-01 
1
2
1 14 23 8 0 -1
1 18 23 4 0 2
haar_y2
-2.843083e-02 0 -1
4.047734e-02 -9.866207e-01 
1
2
1 9 6 6 0 -1
3 9 2 6 0 3
haar_x3
-1.466771e-02 0 -1
7.125977e-01 -5.714345e-01 
1
2
20 12 4 2 0 -1
20 12 2 2 0 2
haar_x2
1.708882e-03 0 -1
-3.829194e-01 5.268327e-01 
1
2
0 12 4 2 0 -1
2 12 2 2 0 2
haar_x2
2.355219e-04 0 -1
-6.957480e-01 4.964511e-01 
1
2
18 7 5 6 0 -1
18 9 5 2 0 3
haar_y3
5.050770e-04 0 -1
-8.221256e-01 2.233006e-01 
1
2
0 7 6 6 0 -1
2 7 2 6 0 3
haar_x3
-2.462486e-02 0 -1
9.385756e-01 -7.023723e-01 
1
3
7 6 16 6 0 -1
15 6 8 3 0 2
7 9 8 3 0 2
haar_x2_y2
-4.612518e-05 0 -1
5.605958e-01 -7.937865e-01 
-1.644043e+00

7
-1
