6
1
2
1 6 6 13 0 -1
3 6 2 13 0 3
haar_x3
-4.942269e-02 0 -1
8.586053e-01 -3.742276e-01 
1
2
18 4 6 13 0 -1
20 4 2 13 0 3
haar_x3
4.053279e-02 0 -1
-3.137820e-01 8.178040e-01 
1
2
0 10 24 9 0 -1
0 13 24 3 0 3
haar_y3
2.958383e-02 0 -1
-8.547424e-01 3.250312e-01 
1
2
10 8 13 6 0 -1
10 10 13 2 0 3
haar_y3
7.029077e-04 0 -1
-8.932475e-01 2.311857e-01 
1
2
1 7 6 6 0 -1
1 9 6 2 0 3
haar_y3
6.600771e-04 0 -1
-9.278900e-01 2.339426e-01 
1
2
18 4 6 13 0 -1
20 4 2 13 0 3
haar_x3
-3.573657e-02 0 -1
6.586679e-01 -3.892441e-01 
-1.411528e+00

6
-1
