7
1
3
0 0 8 6 0 -1
0 0 4 3 0 2
4 3 4 3 0 2
haar_x2_y2
-5.748708e-03 0 -1
-8.213624e-01 6.033475e-01 
1
2
11 4 8 3 0 -1
11 5 8 1 0 3
haar_y3
7.295578e-05 0 -1
-5.091491e-01 6.837308e-01 
1
2
8 11 3 4 0 -1
8 13 3 2 0 2
haar_y2
-1.315182e-05 0 -1
8.662212e-01 -4.780751e-01 
1
2
22 13 2 9 0 -1
22 16 2 3 0 3
haar_y3
-5.945699e-03 0 -1
6.460981e-01 -2.177818e-01 
1
3
7 7 6 10 0 -1
7 7 3 5 0 2
10 12 3 5 0 2
haar_x2_y2
-2.190516e-03 0 -1
-7.289854e-01 5.218598e-01 
1
2
5 1 18 23 0 -1
5 1 9 23 0 2
haar_x2
-1.375895e-01 0 -1
1.000000e+00 -1.648587e-01 
1
2
1 1 18 23 0 -1
10 1 9 23 0 2
haar_x2
-2.315473e-01 0 -1
-8.547334e-01 4.903330e-01 
-1.179034e+00

13
-1
