9
1
2
0 2 8 6 0 -1
0 4 8 2 0 3
haar_y3
-7.669544e-03 0 -1
8.638917e-01 -5.666226e-01 
1
2
10 0 4 12 0 -1
10 4 4 4 0 3
haar_y3
1.193893e-02 0 -1
-3.805923e-01 1.000058e+00 
1
2
8 8 4 5 0 -1
10 8 2 5 0 2
haar_x2
5.108987e-04 0 -1
5.705677e-01 -7.772599e-01 
1
2
8 18 16 1 0 -1
8 18 8 1 0 2
haar_x2
-6.740984e-04 0 -1
-6.650711e-01 2.176744e-01 
1
2
0 19 16 1 0 -1
8 19 8 1 0 2
haar_x2
-9.640304e-05 0 -1
-7.516797e-01 5.349796e-01 
1
2
14 0 10 24 0 -1
14 12 10 12 0 2
haar_y2
5.535864e-02 0 -1
1.133632e-01 -7.462625e-01 
1
2
2 6 17 6 0 -1
2 8 17 2 0 3
haar_y3
2.606829e-02 0 -1
5.223407e-01 -7.643244e-01 
1
2
13 7 3 5 0 -1
14 7 1 5 0 3
haar_x3
1.384454e-05 0 -1
-4.158642e-01 3.927080e-01 
1
2
8 7 3 5 0 -1
9 7 1 5 0 3
haar_x3
-1.454032e-04 0 -1
-5.855212e-01 7.400395e-01 
-1.311612e+00

10
-1
