38
1
2
1 8 6 10 0 -1
3 8 2 10 0 3
haar_x3
-3.862870e-02 0 -1
8.918193e-01 -3.995219e-01 
1
2
12 4 6 8 0 -1
14 4 2 8 0 3
haar_x3
1.364377e-02 0 -1
-3.901180e-01 7.684204e-01 
1
2
0 6 6 10 0 -1
2 6 2 10 0 3
haar_x3
4.183020e-02 0 -1
-4.127733e-01 8.957619e-01 
1
2
12 3 11 12 0 -1
12 7 11 4 0 3
haar_y3
2.723499e-04 0 -1
-9.710566e-01 2.197217e-01 
1
2
5 2 4 1 0 -1
7 2 2 1 0 2
haar_x2
-2.607609e-05 0 -1
5.972316e-01 -7.176720e-01 
1
2
12 3 11 12 0 -1
12 7 11 4 0 3
haar_y3
2.723499e-04 0 -1
-8.121728e-01 2.178816e-01 
1
3
1 7 18 12 0 -1
1 7 9 6 0 2
10 13 9 6 0 2
haar_x2_y2
9.487893e-05 0 -1
-7.518414e-01 4.073213e-01 
1
2
0 9 24 12 0 -1
0 13 24 4 0 3
haar_y3
6.418800e-02 0 -1
-8.592973e-01 4.127698e-01 
1
2
0 10 17 6 0 -1
0 12 17 2 0 3
haar_y3
2.079294e-03 0 -1
-9.660584e-01 1.485349e-01 
1
3
7 6 16 6 0 -1
15 6 8 3 0 2
7 9 8 3 0 2
haar_x2_y2
-5.666224e-03 0 -1
1.132005e-01 -9.135042e-01 
1
2
2 4 14 20 0 -1
2 14 14 10 0 2
haar_y2
-2.660417e-04 0 -1
2.402791e-01 -9.918340e-01 
1
2
14 19 10 2 0 -1
14 19 5 2 0 2
haar_x2
1.390367e-05 0 -1
-7.357375e-01 1.898140e-01 
1
2
4 10 12 1 0 -1
8 10 4 1 0 3
haar_x3
-3.975580e-05 0 -1
4.685397e-01 -8.136633e-01 
1
3
8 4 10 8 0 -1
13 4 5 4 0 2
8 8 5 4 0 2
haar_x2_y2
2.222093e-05 0 -1
-3.087313e-01 3.730834e-01 
1
2
0 0 12 12 0 -1
0 6 12 6 0 2
haar_y2
1.355892e-02 0 -1
-9.628652e-01 3.315864e-01 
1
2
18 9 6 4 0 -1
18 9 3 4 0 2
haar_x2
3.775112e-02 0 -1
-5.775804e-01 7.655760e-01 
1
2
1 9 22 6 0 -1
1 11 22 2 0 3
haar_y3
9.772808e-05 0 -1
-9.991674e-01 4.717034e-01 
1
2
16 1 8 5 0 -1
16 1 4 5 0 2
haar_x2
1.357306e-05 0 -1
-8.910881e-01 -1.938912e-02 
1
3
3 5 14 6 0 -1
3 5 7 3 0 2
10 8 7 3 0 2
haar_x2_y2
-4.683702e-05 0 -1
4.843015e-01 -9.807767e-01 
1
2
14 0 9 1 0 -1
17 0 3 1 0 3
haar_x3
6.696388e-05 0 -1
-6.981491e-01 1.364909e-01 
1
2
2 9 7 6 0 -1
2 11 7 2 0 3
haar_y3
1.886361e-05 0 -1
-9.781358e-01 4.343954e-01 
1
2
14 0 9 1 0 -1
17 0 3 1 0 3
haar_x3
-1.499051e-05 0 -1
2.412067e-01 -8.527372e-01 
1
2
1 0 22 18 0 -1
1 9 22 9 0 2
haar_y2
6.809071e-03 0 -1
-9.985491e-01 3.637622e-01 
1
2
14 0 9 1 0 -1
17 0 3 1 0 3
haar_x3
1.365422e-05 0 -1
-7.709287e-01 2.749378e-01 
1
2
0 0 10 9 0 -1
0 3 10 3 0 3
haar_y3
-5.644896e-03 0 -1
4.223881e-01 -9.673566e-01 
1
2
12 3 6 9 0 -1
14 3 2 9 0 3
haar_x3
1.726060e-02 0 -1
-6.381522e-01 7.892525e-01 
1
2
0 11 21 6 0 -1
0 13 21 2 0 3
haar_y3
2.125246e-04 0 -1
-9.986205e-01 4.383704e-01 
1
2
19 11 4 2 0 -1
19 12 4 1 0 2
haar_y2
6.031788e-05 0 -1
-8.623715e-01 3.954058e-01 
1
2
0 10 23 12 0 -1
0 16 23 6 0 2
haar_y2
-1.393150e-01 0 -1
6.386961e-01 -9.989784e-01 
1
2
14 0 9 1 0 -1
17 0 3 1 0 3
haar_x3
-1.417497e-05 0 -1
-1.836380e-01 -9.321632e-01 
1
2
1 8 22 6 0 -1
1 10 22 2 0 3
haar_y3
1.351912e-04 0 -1
-1.000000e+00 4.797273e-01 
1
2
14 0 9 1 0 -1
17 0 3 1 0 3
haar_x3
2.276770e-05 0 -1
-8.931254e-01 4.809420e-01 
1
2
0 8 24 9 0 -1
0 11 24 3 0 3
haar_y3
1.911325e-02 0 -1
-9.942912e-01 5.280607e-01 
1
2
14 3 2 1 0 -1
14 3 1 1 0 2
haar_x2
4.429160e-05 0 -1
-9.423456e-01 1.978938e-01 
1
2
2 11 14 8 0 -1
2 15 14 4 0 2
haar_y2
-8.378016e-04 0 -1
9.182549e-01 -1.000001e+00 
1
2
18 3 6 10 0 -1
20 3 2 10 0 3
haar_x3
3.737349e-02 0 -1
-9.210885e-01 5.734375e-01 
1
2
4 4 11 20 0 -1
4 14 11 10 0 2
haar_y2
-9.657060e-04 0 -1
6.321490e-01 -9.983662e-01 
1
2
5 3 15 1 0 -1
10 3 5 1 0 3
haar_x3
-2.697066e-05 0 -1
1.000000e+00 -9.877738e-01 
-1.792393e+00

9
-1
